116;9
462;36
1286;48
1290;9
1300;87
2485;156
2503;182
2580;178
2838;93
5226;70
6127;112
6152;9
7331;67
7409;38
7917;9
8921;186
9542;53
9639;33
10082;118
10420;225
10452;116
10741;178
10931;21
11242;183
11350;120
11605;87
11753;9
12301;112
12304;186
12594;120
12662;25
16076;222
16193;76
16870;165
16973;186
17197;242
17198;260
17241;48
17852;116
17909;269
18068;203
18077;273
18831;18
19064;81
19165;242
19172;260
20701;212
20893;32
20938;186
21414;31
21489;183
21897;179
22404;152
23448;31
23702;254
24283;149
25429;211
25631;156
26079;36
26868;40
26900;93
27888;246
28265;191
29945;183
30621;128
31777;249
32560;93
34170;87
35465;29
35719;48
36156;272
36170;116
37565;249
38255;247
38350;111
38384;18
39504;186
39689;178
39749;70
40462;282
41236;25
41279;263
41499;112
41669;8
42077;142
42081;76
43451;244
43512;101
43563;128
43580;56
43585;62
44037;29
44162;48
44862;20
45057;16
45377;251
45981;83
46295;105
46440;179
47082;178
47126;168
47289;15
47476;127
48490;118
48611;244
48982;232
49239;179
49629;38
50179;227
50597;36
50603;206
50950;186
51474;181
52206;67
52805;161
53262;51
54568;200
54750;53
55499;120
55803;266
56020;227
56027;72
56074;5
57035;228
57873;80
58849;80
60295;19
61042;48
61667;93
62264;162
62359;207
62658;80
63242;127
63255;158
63867;197
64061;215
64248;25
64721;105
65171;40
65766;105
65796;235
66239;187
66316;126
66717;233
66721;137
66847;36
67079;61
67589;23
67610;25
67651;203
67846;133
67948;225
68331;223
68781;156
69374;242
70443;9
70480;48
70539;24
70843;142
71633;178
71875;220
72009;75
72742;48
72884;33
73811;142
74642;266
75374;112
75531;117
75722;228
75725;94
76254;270
76685;246
76855;126
76899;179
77789;19
77804;60
77809;78
77858;124
78578;248
78954;93
80195;260
80340;107
81290;87
82989;171
83783;245
85391;242
86372;75
87079;179
89075;75
89148;16
89342;145
89753;93
89755;38
91179;128
91540;156
91862;107
94426;121
94490;179
95123;186
95561;226
95643;121
96024;157
98016;23
98312;9
98411;20
99115;129
99588;114
99595;25
99913;34
100574;242
100627;95
100990;156
101039;224
101499;190
101775;20
101866;23
102090;1
102983;64
103916;53
105355;51
105641;197
106553;222
106892;186
106904;112
108111;90
109481;95
109864;187
109964;48
110084;95
110949;267
111050;262
111243;78
111244;60
111525;227
111532;183
112082;76
113299;214
114943;44
115650;246
115679;112
116550;64
117271;155
117492;179
117504;213
118257;189
118521;171
120742;21
120925;103
121224;76
121663;156
122012;144
123256;126
123303;40
123943;146
123992;165
124194;213
124286;97
124417;272
124911;222
125622;179
125766;9
126360;15
128618;9
128855;29
129001;76
129794;187
130831;145
131509;212
132046;79
132551;22
132974;246
133804;278
134791;215
135161;4
135657;2
135965;80
138295;272
138400;126
138512;38
138514;263
142275;171
142746;8
144134;40
144196;222
144233;163
144290;80
144482;49
145409;114
145617;133
147364;76
150669;7
150695;112
151697;58
152074;23
152687;25
153825;248
155916;215
158039;40
158389;25
158658;179
159634;100
159737;87
160714;128
161725;163
162173;105
163304;256
164740;246
165584;242
165809;213
165888;80
167175;80
167283;141
167303;201
168995;247
170291;133
171195;234
171827;184
171926;15
172620;31
173153;231
174372;4
175157;216
175166;116
175577;203
175647;163
176314;138
176335;274
179927;36
182202;216
184217;208
184335;254
184550;171
185348;48
185357;9
186605;280
186813;216
187424;148
187456;2
188102;152
189481;280
189927;172
190699;177
190951;90
191515;20
192282;80
193210;127
194658;4
197806;102
197878;184
198191;138
198477;278
198909;180
198963;172
199200;39
202225;48
202329;266
203550;111
203712;248
204735;259
205370;130
206816;42
207046;253
207364;220
209414;162
209792;201
210611;230
212154;125
212195;59
212309;233
212492;182
212708;107
213800;130
215633;225
216549;22
216613;204
216692;177
216840;94
216975;228
218565;281
219671;75
219975;255
220538;87
220932;146
222326;197
222822;164
223742;34
223807;126
227113;18
227256;25
227631;244
227692;18
229680;114
230566;71
230668;83
232809;12
232845;206
233207;84
234964;18
235056;244
236378;130
240803;135
240950;213
241802;261
242070;225
242428;161
243406;15
244121;204
244297;70
244982;266
248350;62
248359;21
249347;7
249768;79
250048;234
250060;142
250520;244
251919;250
252890;137
253737;130
253788;72
253793;41
253825;263
254040;95
255261;116
256099;282
256868;250
257809;175
257814;68
257950;137
258023;273
258618;275
258727;178
259565;20
259751;266
259766;98
260564;203
261291;248
262174;123
262224;227
262225;183
262292;41
263027;119
263032;108
263127;222
263788;207
264718;143
265709;10
265718;180
266437;162
268516;33
269566;23
269633;21
269656;172
271943;90
272681;181
272947;98
273001;172
273156;59
273452;72
273902;195
274281;239
274525;52
274726;20
280138;49
281325;181
282542;68
283643;170
285523;223
287443;142
289449;129
289682;268
290529;240
290850;133
291291;25
294570;29
294777;15
297714;18
297973;125
299279;132
303846;81
304869;80
304942;181
304946;80
306401;12
307902;278
308456;145
310148;62
311978;142
312433;156
313595;9
315637;116
316222;192
316228;63
316337;214
316428;259
319154;127
321265;161
322302;128
322893;36
323917;108
325869;54
325870;239
328544;163
328616;61
328630;214
328862;154
334274;38
335726;114
336020;24
338039;133
338387;80
338453;278
338970;76
339204;213
340226;213
341736;39
342283;195
342288;59
342289;85
343623;96
344633;61
345477;63
345687;112
345942;150
346484;38
346787;93
346828;176
349828;181
349946;234
350248;81
351100;229
352728;257
352745;192
353244;106
355685;31
356330;136
359859;9
361878;203
364185;180
364780;31
365525;86
366420;234
367561;15
368267;181
371645;127
371706;156
372105;8
377067;154
377256;56
377947;129
378615;52
378777;167
380098;62
380196;179
382489;214
386008;180
386060;67
387569;20
388445;59
388647;277
390331;248
390607;20
395611;168
396658;233
396659;137
397498;146
397548;54
397828;251
404446;34
405807;218
406045;53
406048;118
407498;185
409463;110
409656;90
412016;223
412194;110
414266;243
414993;34
415953;273
417323;25
421199;112
421700;277
422704;28
424291;276
424494;150
425426;187
426072;145
427643;2
429338;167
429476;84
429995;33
430516;181
433371;190
434912;56
434959;272
435942;124
437545;59
437551;239
438488;38
439398;110
441188;56
443049;282
444046;231
444498;226
445305;278
445452;18
445775;242
446741;40
446883;20
447420;170
449154;229
449574;116
449631;272
450008;15
450729;75
450787;269
451953;117
452404;9
453495;238
454998;126
456516;5
457716;179
459331;9
460562;23
462851;154
462852;24
463855;270
476643;54
480764;25
480827;239
481128;48
482348;121
482896;266
486650;143
486717;51
486798;15
486882;230
487028;242
488966;64
489072;81
490311;178
492451;266
492604;18
492766;266
493983;22
495606;280
496595;21
496635;97
497804;145
498337;159
498888;178
501518;186
501523;112
504417;76
504598;104
504630;25
504682;251
505258;232
508486;9
514312;145
516992;182
519852;191
521601;180
522490;215
522893;165
524125;68
524288;70
524819;179
524914;133
526109;112
527735;32
528628;68
528648;172
531027;184
531503;29
531732;190
531904;98
532736;18
535510;165
535634;80
536169;242
539208;242
539542;48
541486;55
550158;23
552072;36
552629;10
552645;130
553560;187
553867;244
555331;57
556499;203
556886;168
557675;180
557682;59
557864;18
558558;20
559368;31
561771;128
565700;116
565807;186
566496;246
566698;5
567990;133
568460;179
569154;64
569826;169
571225;172
574876;33
575198;197
575676;121
577468;225
577870;4
578166;76
579434;281
580511;61
581795;163
582448;244
583583;165
583588;101
584285;174
587360;183
587855;212
588547;269
588568;36
589083;266
589337;269
591063;225
592142;203
593927;278
594282;133
594802;172
595012;38
596072;212
596225;80
598524;29
598537;48
599699;263
599881;70
600401;112
601025;93
601051;48
601988;68
602111;105
603128;212
604347;176
605272;94
607899;15
609066;191
610417;226
610625;184
615554;280
617112;129
617608;186
621305;59
621864;256
622172;80
625290;176
625970;197
626696;226
628538;211
629314;225
630051;44
630087;32
630510;146
630595;128
631313;32
633946;40
634127;204
635965;244
639681;55
639697;187
639862;235
640210;111
640374;267
641344;203
645967;97
645969;128
647583;165
649822;64
650722;186
651894;152
651901;211
652027;93
652739;270
652771;281
652937;102
653205;115
653217;150
658602;137
659204;76
661302;31
663252;97
663340;21
667282;79
671808;40
672952;279
677058;133
677207;31
677211;156
677871;279
677877;226
681430;186
683562;130
687252;25
687394;22
688454;197
688532;14
689880;266
690103;133
690617;94
693990;79
693996;221
694513;116
694575;76
695280;176
696035;136
699347;156
700769;186
703466;239
704643;94
704709;94
705263;203
707261;70
707277;165
707406;186
707508;133
707862;186
708146;112
708436;253
710562;101
710779;23
710798;25
710983;179
712652;212
713014;203
713463;68
713528;22
715825;266
716710;126
716878;133
717594;64
718222;142
718370;76
718388;80
718556;48
718965;70
718981;165
719150;133
720327;23
722707;186
722787;70
722962;93
723264;79
725519;64
726613;40
728597;204
728617;76
728854;248
732690;181
735684;126
736918;105
737394;263
738282;40
739310;223
739717;190
740256;99
741737;29
743309;130
744250;156
744423;233
744426;137
747532;130
748230;225
748234;233
748672;179
748950;179
750049;23
750068;25
752461;18
753639;192
753644;208
753911;99
753926;268
754072;149
754758;31
760091;40
760257;23
763245;50
765861;187
765970;235
766047;74
766401;218
773721;74
773790;202
780767;169
780829;197
782114;126
782402;228
782633;66
782887;268
782929;99
783141;104
783603;188
789384;56
791495;92
791550;270
796211;218
804989;44
805361;97
805465;104
807953;21
819199;59
830675;164
834976;20
842627;87
859889;172
869645;266
870544;10
871404;123
876370;106
885821;180
924694;97
934836;68
941929;172
943648;62
945085;97
945550;269
953750;31
953766;133
961002;48
961325;242
961379;262
962051;49
962127;266
962793;38
963403;178
964582;129
965868;156
966178;9
966980;62
967683;22
967731;254
967856;107
969368;50
969571;242
971634;21
972333;152
973109;244
974345;68
974458;223
980170;93
982841;118
982897;95
983363;243
985849;116
985979;56
990386;20
996256;15
996505;146
996580;275
997886;124
998032;80
998414;222
1000316;268
1000595;203
1000629;239
1000899;25
1001214;76
1001519;197
1001788;97
1001792;128
1003443;186
1004706;180
1004710;190
1012631;69
1012632;164
1014876;156
1015450;212
1015455;282
1016112;225
1025446;248
1032329;123
1032676;98
1034604;172
1038084;9
1038217;48
1038248;38
1038508;142
1038509;76
1038603;29
1039410;48
1039632;156
1039649;93
1039845;105
1040055;268
1040521;233
1040676;15
1041258;197
