462;36
1290;9
1300;87
1665;156
2485;156
2503;182
2580;178
2838;93
4376;9
6272;223
6786;48
7331;67
7412;9
8921;186
8941;249
10082;118
10420;225
10452;116
10930;170
10931;21
11056;145
11242;183
11350;120
11605;87
12272;204
12301;112
12304;186
12594;120
12670;179
13078;9
13123;53
13451;107
14249;176
14326;184
15014;146
15063;266
15532;145
16076;222
16870;165
16873;63
16973;186
16977;246
17016;218
17197;242
17198;260
17241;48
17852;116
17909;269
18068;203
18077;273
18157;260
19058;32
19064;81
19165;242
19172;260
20893;32
20938;186
21489;183
22473;97
22474;128
23699;19
23702;254
24101;130
24279;260
24842;38
25026;242
25429;211
25629;31
25631;156
26156;242
26680;107
26687;19
26868;40
27442;246
28265;191
29945;183
30979;246
31158;48
31988;31
34170;87
35465;29
38255;247
38346;251
38350;111
38384;18
38767;48
39769;72
40238;53
41236;25
41279;263
41669;8
41931;40
42077;142
42081;76
42269;212
43451;244
43512;101
43563;128
43580;56
43958;160
44037;29
44162;48
45279;18
45377;251
45981;83
46295;105
46582;137
47082;178
47289;15
47476;127
49239;179
49629;38
49946;212
50040;64
50179;227
50301;80
50603;206
50950;186
50979;183
51474;181
52805;161
52883;269
53262;51
53306;211
53986;19
54249;249
54568;200
54750;53
55803;266
56020;227
56074;5
56509;260
57035;228
57822;53
58620;197
58849;80
58925;117
59581;178
60652;250
61042;48
61043;9
62264;162
62359;207
62658;80
63204;20
63255;158
63867;197
64061;215
64248;25
64721;105
64804;144
65072;93
65094;186
65706;200
65766;105
65796;235
66239;187
66717;233
66721;137
66847;36
66907;197
67079;61
67589;23
67610;25
67651;203
67695;181
67846;133
67948;225
68478;93
68695;38
68779;31
68781;156
68952;227
69374;242
69411;241
69580;182
70539;24
70843;142
71125;9
71875;220
72009;75
72731;93
72742;48
72884;33
73036;105
73811;142
74642;266
74808;4
74972;29
75200;204
75531;117
75722;228
76254;270
76685;246
77798;117
77804;60
77809;78
78578;248
78721;184
78798;40
78954;93
80195;260
80340;107
80867;95
82989;171
83783;245
85391;242
85447;262
86372;75
86543;187
87079;179
87909;70
89075;75
89342;145
89753;93
91010;94
91179;128
91507;260
91540;156
91739;109
91862;107
94426;121
94428;212
94465;40
94490;179
94629;123
95123;186
95561;226
95643;121
96024;157
96034;53
98016;23
98312;9
98411;20
98690;14
99119;62
99323;220
99594;23
99913;34
100129;48
100167;212
100574;242
100715;111
101498;10
101499;190
101775;20
102663;38
102983;64
103058;8
105355;51
106553;222
106750;48
106904;112
110052;4
110084;95
110181;146
110250;42
111244;60
111525;227
111532;183
113299;214
113813;235
115650;246
116550;64
116753;42
117492;179
117504;213
118521;171
118847;203
119172;268
120925;103
121224;76
122012;144
123256;126
124417;272
124450;225
125622;179
125629;77
129220;1
129738;55
129794;187
129865;54
130831;145
132045;221
132046;79
132551;22
132974;246
133804;278
135161;4
135623;156
137719;40
138295;272
138514;263
140901;76
142075;116
142275;171
142907;212
144233;163
145028;48
145029;93
145409;114
145617;133
147136;117
147193;142
147364;76
150429;282
150695;112
151669;205
151697;58
152074;23
152687;25
153825;248
155553;105
155916;215
156039;179
157279;248
158389;25
158658;179
159634;100
159737;87
160714;128
162173;105
163106;216
163304;256
164740;246
165584;242
167283;141
167810;88
171195;234
171926;15
172620;31
173153;231
173402;248
173574;120
174097;186
174159;144
175166;116
175647;163
176314;138
176335;274
176766;55
177113;269
184335;254
184550;171
185348;48
186605;280
186813;216
187424;148
187456;2
187467;234
188102;152
188716;116
189480;161
189481;280
190699;177
190951;90
191515;20
193210;127
195803;98
197806;102
197878;184
198114;98
198191;138
198477;278
198909;180
198963;172
202329;266
203550;111
203712;248
203779;191
203848;212
204735;259
205370;130
206816;42
206959;223
207046;253
207102;80
207383;141
208019;245
208148;94
208968;18
209792;201
210611;230
210960;197
212195;59
212309;233
212492;182
212708;107
214254;77
216613;204
217883;142
218565;281
219639;158
219975;255
220265;126
220538;87
220932;146
222329;82
222822;164
223054;278
223742;34
224441;270
226811;253
227113;18
227256;25
227631;244
227692;18
229484;80
229503;277
229680;114
230566;71
231417;230
232845;206
233221;268
233705;104
233807;51
234368;258
234964;18
235056;244
236378;130
237009;77
237659;94
240803;135
240950;213
241802;261
242070;225
242218;258
242428;161
244294;211
244297;70
247998;206
248350;62
248359;21
249347;7
249601;223
250048;234
250060;142
250281;56
251967;177
252889;233
252890;137
253788;72
253793;41
254040;95
255261;116
256099;282
256868;250
257651;233
257809;175
257812;124
257814;68
257950;137
258450;190
258618;275
259553;172
259561;57
259758;10
260189;180
260561;16
261854;191
262174;123
262224;227
262225;183
262292;41
263027;119
263032;108
263127;222
263788;207
264062;33
264593;138
264718;143
265709;10
265718;180
269041;157
269633;21
269656;172
272681;181
272810;123
272947;98
273001;172
273156;59
273452;72
274726;20
276439;162
280138;49
281213;77
282542;68
286658;263
287443;142
289449;129
289682;268
290529;240
291291;25
294157;15
294570;29
294781;133
296733;62
297123;83
297887;279
297973;125
300567;40
301364;62
304231;142
304869;80
304942;181
304946;80
307896;133
307902;278
308456;145
310148;62
312433;156
312486;31
313595;9
314131;244
316222;192
316228;63
316310;61
316337;214
316428;259
319154;127
320383;186
322893;36
323422;1
323917;108
325869;54
327856;20
328616;61
328630;214
328862;154
329034;280
333524;133
334274;38
334308;93
334542;88
335726;114
338039;133
338970;76
341736;39
341801;93
342283;195
342288;59
342289;85
343669;14
344633;61
345255;214
345474;208
345477;63
345942;150
346787;93
349946;234
350248;81
351100;229
352728;257
353113;276
353244;106
355685;31
359859;9
359951;138
364185;180
364302;197
364780;31
367561;15
371645;127
374896;241
375046;272
377067;154
378615;52
378777;167
380098;62
380196;179
382489;214
386008;180
386060;67
388445;59
388647;277
388919;54
390607;20
394443;208
396432;109
396658;233
396659;137
397553;275
398418;230
404446;34
405807;218
406048;118
408773;14
409463;110
412016;223
413610;132
414266;243
414993;34
417323;25
421199;112
421700;277
422704;28
422917;165
423587;18
424494;150
427092;120
427643;2
428996;27
429476;84
429939;133
429995;33
432597;143
433371;190
434193;126
434912;56
434959;272
435201;14
435439;186
435942;124
438488;38
438773;48
441188;56
443049;282
444046;231
444498;226
445305;278
446741;40
446883;20
447420;170
447605;83
449631;272
449685;247
450729;75
450787;269
452404;9
453299;194
453495;238
454843;16
455321;256
456516;5
460562;23
462851;154
462852;24
463855;270
465447;55
474456;90
478880;50
480764;25
481128;48
481218;70
482348;121
482989;219
485176;174
485187;103
486688;188
489061;32
489072;81
490311;178
492451;266
492604;18
493283;130
493983;22
495606;280
496340;128
496595;21
496635;97
497804;145
497891;141
498337;159
498344;67
498888;178
501025;227
501518;186
504417;76
504630;25
504653;7
505258;232
505380;29
506808;44
507269;48
508314;70
508486;9
513637;235
515366;178
519208;31
521601;180
522490;215
522855;41
524288;70
524672;137
524814;23
524819;179
524914;133
527905;152
528628;68
528714;197
531503;29
531648;10
531732;190
531904;98
535510;165
535513;7
535634;80
536141;262
536169;242
536251;233
538968;87
541486;55
550650;31
552072;36
552645;130
553560;187
555331;57
556886;168
557675;180
558558;20
559065;156
561115;172
561771;128
563507;112
563831;114
564088;16
564602;64
566496;246
566594;67
566633;204
567233;15
567990;133
568433;104
569154;64
570736;239
575333;266
575510;121
577870;4
578166;76
578886;214
579434;281
579462;270
580001;40
580321;63
581795;163
582000;93
582421;40
582755;169
583588;101
584285;174
587360;183
587855;212
587897;145
588547;269
589083;266
589337;269
591063;225
592142;203
592808;87
592813;70
593927;278
594282;133
594802;172
596072;212
596225;80
596519;156
598306;225
598524;29
599869;75
599881;70
601988;68
603128;212
604347;176
605090;212
605272;94
608444;126
609066;191
610417;226
615017;186
615554;280
615787;216
616912;112
621864;256
622172;80
622815;53
623745;197
626696;226
626710;126
626884;189
626952;7
628538;211
629286;268
629836;88
630051;44
630087;32
633946;40
634127;204
639697;187
639862;235
640210;111
640374;267
641344;203
647568;70
647583;165
649822;64
650621;112
650722;186
651901;211
652531;201
652739;270
652937;102
653205;115
655858;142
656160;20
658602;137
659204;76
661304;156
664774;203
667214;94
667434;221
675627;102
677207;31
677871;279
686688;83
687252;25
687394;22
687595;226
687601;279
687661;268
688454;197
688532;14
688608;126
688618;179
689880;266
690103;133
693990;79
693996;221
694002;227
694003;183
694276;134
694513;116
694575;76
695280;176
698335;216
699347;156
700769;186
701366;256
703466;239
705263;203
707261;70
707508;133
708436;253
710779;23
710798;25
710983;179
711861;21
712358;79
712364;221
712404;130
712570;22
712841;105
713014;203
714994;9
715825;266
716710;126
718222;142
718370;76
718388;80
718556;48
718965;70
719020;203
719125;40
719150;133
720351;25
722091;112
722707;186
722803;165
722962;93
723015;9
723264;79
727751;118
727917;80
728617;76
728854;248
728941;80
735736;223
736918;105
738328;163
740265;268
741737;29
742570;156
743572;203
745312;114
748230;225
748233;268
748234;233
749251;116
750068;25
750961;31
751697;228
752361;133
752461;18
753926;268
754072;149
754493;228
754758;31
760091;40
760257;23
762626;212
763245;50
764751;228
765861;187
773721;74
773790;202
780829;197
782114;126
782376;113
782402;228
782633;66
782859;225
782887;268
783141;104
783171;44
783603;188
789301;97
791556;66
796211;218
799491;196
804989;44
805361;97
818917;231
819199;59
830463;232
834979;10
835791;105
838574;152
843761;127
859889;172
869645;266
871401;20
876382;276
882088;222
885821;180
902089;179
924694;97
934836;68
935313;14
941929;172
943648;62
948795;40
953750;31
953763;179
953766;133
961018;70
962051;49
962127;266
962191;70
962793;38
965872;31
966027;48
966050;93
966980;62
967856;107
967889;78
968417;246
968476;112
969368;50
969503;262
971634;21
972333;152
972764;36
973109;244
974458;223
980170;93
980927;142
982897;95
983363;243
984295;59
990892;64
996256;15
996585;172
996945;211
997888;259
998032;80
998126;179
998414;222
1000629;239
1001214;76
1001519;197
1001788;97
1001792;128
1012631;69
1012632;164
1015915;126
1016112;225
1038217;48
1038247;93
1038248;38
1038509;76
1038603;29
1039410;48
1039500;203
1039632;156
1039845;105
1040055;268
1040208;80
1040520;137
1040521;233
1040676;15
1041258;197
