462;1375
1290;1570
1300;2238
1665;212
2485;203
2503;245
2580;517
2838;1821
4376;1513
6272;1144
6786;2760
7331;672
7412;1697
8921;279
8941;119
10082;699
10420;289
10452;218
10930;199
10931;199
11056;215
11242;340
11350;1553
11605;2449
12272;62
12301;1008
12304;321
12594;1799
12670;49
13078;1699
13123;199
13451;497
14249;18
14326;137
15014;123
15063;44
15532;239
16076;278
16870;46
16873;8
16973;368
16977;1613
17016;55
17197;2799
17198;1499
17241;2887
17852;205
17909;18
18068;140
18077;42
18157;1217
19058;30
19064;39
19165;3106
19172;1284
20893;29
20938;299
21489;249
22473;169
22474;159
23699;706
23702;6770
24101;31
24279;1499
24842;790
25026;2699
25429;1975
25629;238
25631;213
26156;2513
26680;539
26687;699
26868;230
27442;1741
28265;10
29945;253
30979;1679
31158;2760
31988;226
34170;2399
35465;1992
38255;2099
38346;971
38350;560
38384;1210
38767;2921
39769;14
40238;200
41236;78
41279;42
41669;76
41931;231
42077;478
42081;246
42269;148
43451;653
43512;35
43563;149
43580;21
43958;65
44037;1972
44162;2849
45279;1207
45377;981
45981;132
46295;75
46582;193
47082;504
47289;316
47476;141
49239;72
49629;856
49946;149
50040;316
50179;184
50301;47
50603;12
50950;289
50979;229
51474;52
52805;30
52883;15
53262;35
53306;2007
53986;696
54249;94
54568;1179
54750;238
55803;45
56020;273
56074;64
56509;1299
57035;269
57822;199
58620;518
58849;78
58925;292
59581;699
60652;2055
61042;2999
61043;1799
62264;75
62359;60
62658;81
63204;41
63255;199
63867;535
64061;80
64248;64
64721;86
64804;7
65072;1329
65094;378
65706;1202
65766;60
65796;49
66239;11
66717;190
66721;190
66847;1333
66907;485
67079;18
67589;71
67610;88
67651;162
67695;66
67846;55
67948;272
68478;1741
68695;799
68779;224
68781;197
68952;185
69374;2799
69411;47
69580;249
70539;33
70843;520
71125;1728
71875;182
72009;8999
72731;1499
72742;2749
72884;20
73036;78
73811;477
74642;49
74808;11
74972;1999
75200;73
75531;293
75722;258
76254;54
76685;1679
77798;269
77804;399
77809;549
78578;72
78721;155
78798;209
78954;1749
80195;1470
80340;445
80867;29
82989;1399
83783;82
85391;2317
85447;9456
86372;8999
86543;17
87079;54
87909;1999
89075;8999
89342;279
89753;1449
91010;112
91179;135
91507;1299
91540;189
91739;24
91862;629
94426;18
94428;135
94465;199
94490;52
94629;54
95123;317
95561;49
95643;19
96024;15
96034;199
98016;54
98312;1799
98411;40
98690;14
99119;72
99323;142
99594;57
99913;19
100129;2849
100167;141
100574;2599
100715;647
101498;63
101499;125
101775;37
102663;869
102983;343
103058;79
105355;27
106553;267
106750;2650
106904;998
110052;16
110084;34
110181;142
110250;2999
111244;399
111525;239
111532;299
113299;11
113813;28
115650;1729
116550;365
116753;2999
117492;64
117504;75
118521;1399
118847;144
119172;303
120925;13
121224;277
122012;24
123256;488
124417;246
124450;284
125622;76
125629;44
129220;1249
129738;43
129794;9
129865;30
130831;299
132045;165
132046;141
132551;5
132974;1729
133804;18
135161;13
135623;207
137719;215
138295;223
138514;31
140901;365
142075;205
142275;1736
142907;132
144233;35
145028;2984
145029;1804
145409;1167
145617;44
147136;269
147193;535
147364;299
150429;351
150695;979
151669;160
151697;649
152074;69
152687;75
153825;69
155553;55
155916;81
156039;79
157279;73
158389;75
158658;73
159634;31
159737;2327
160714;139
162173;61
163106;24
163304;39
164740;1569
165584;2699
167283;71
167810;33
171195;59
171926;304
172620;261
173153;849
173402;82
173574;1998
174097;389
174159;25
175166;209
175647;39
176314;1138
176335;1041
176766;52
177113;30
184335;6887
184550;1261
185348;2799
186605;49
186813;28
187424;60
187456;23
187467;63
188102;5090
188716;199
189480;20
189481;41
190699;99
190951;1366
191515;39
193210;159
195803;54
197806;35
197878;149
198114;54
198191;1206
198477;17
198909;42
198963;105
202329;44
203550;578
203712;86
203779;11
203848;168
204735;533
205370;34
206816;3568
206959;1326
207046;20
207102;59
207383;72
208019;48
208148;131
208968;1115
209792;20
210611;20
210960;490
212195;43
212309;193
212492;249
212708;449
214254;44
216613;85
217883;476
218565;34
219639;189
219975;39
220265;512
220538;2399
220932;135
222329;1666
222822;878
223054;17
223742;17
224441;69
226811;13
227113;1199
227256;75
227631;703
227692;1201
229484;59
229503;1251
229680;1182
230566;45
231417;27
232845;14
233221;270
233705;152
233807;34
234368;47
234964;1296
235056;727
236378;35
237009;38
237659;127
240803;356
240950;78
241802;249
242070;258
242218;47
242428;34
244294;2299
244297;1999
247998;11
248350;49
248359;199
249347;29
249601;1219
250048;59
250060;529
250281;20
251967;62
252889;246
252890;246
253788;10
253793;172
254040;26
255261;191
256099;243
256868;2124
257651;273
257809;129
257812;394
257814;287
257950;273
258450;125
258618;126
259553;127
259561;53
259758;45
260189;48
260561;417
261854;13
262174;61
262224;184
262225;281
262292;281
263027;22
263032;10
263127;256
263788;59
264062;24
264593;1136
264718;223
265709;34
265718;36
269041;28
269633;168
269656;92
272681;54
272810;52
272947;51
273001;99
273156;39
273452;10
274726;36
276439;71
280138;2129
281213;38
282542;216
286658;32
287443;524
289449;59
289682;254
290529;59
291291;67
294157;325
294570;1935
294781;54
296733;43
297123;129
297887;34
297973;18
300567;213
301364;49
304231;506
304869;59
304942;62
304946;63
307896;39
307902;24
308456;249
310148;50
312433;238
312486;243
313595;1649
314131;744
316222;39
316228;8
316310;29
316337;20
316428;538
319154;159
320383;423
322893;1404
323422;1299
323917;9
325869;35
327856;32
328616;17
328630;14
328862;15
329034;48
333524;41
334274;1029
334308;1620
334542;65
335726;1266
338039;30
338970;252
341736;53
341801;1399
342283;239
342288;45
342289;65
343669;19
344633;26
345255;21
345474;11
345477;11
345942;27
346787;1899
349946;82
350248;21
351100;44
352728;13
353113;69
353244;155
355685;239
359859;1585
359951;1344
364185;44
364302;511
364780;267
367561;343
371645;145
374896;58
375046;381
377067;20
378615;96
378777;249
380098;50
380196;99
382489;14
386008;35
386060;903
388445;37
388647;999
388919;29
390607;42
394443;8
396432;20
396658;273
396659;273
397553;105
398418;24
404446;15
405807;42
406048;699
408773;14
409463;262
412016;1497
413610;1206
414266;291
414993;19
417323;159
421199;1129
421700;969
422704;139
422917;36
423587;1230
424494;35
427092;1769
427643;29
428996;36
429476;220
429939;44
429995;19
432597;164
433371;111
434193;567
434912;23
434959;190
435201;14
435439;335
435942;376
438488;899
438773;2849
441188;19
443049;255
444046;1120
444498;30
445305;17
446741;194
446883;44
447420;199
447605;112
449631;200
449685;1709
450729;8549
450787;17
452404;1565
453299;3
453495;40
454843;342
455321;43
456516;78
460562;69
462851;19
462852;19
463855;69
465447;49
474456;1896
478880;370
480764;71
481128;2811
481218;1899
482348;19
482989;13
485176;89
485187;21
486688;57
489061;41
489072;62
490311;495
492451;44
492604;1039
493283;28
493983;3
495606;36
496340;176
496595;220
496635;187
497804;242
497891;62
498337;273
498344;648
498888;542
501025;187
501518;313
504417;365
504630;65
504653;27
505258;16
505380;1847
506808;238
507269;2703
508314;1851
508486;1382
513637;41
515366;570
519208;253
521601;40
522490;71
522855;175
524288;1699
524672;198
524814;53
524819;59
524914;43
527905;5266
528628;235
528714;509
531503;1954
531648;39
531732;109
531904;49
535510;39
535513;37
535634;62
536141;7100
536169;2275
536251;198
538968;2199
541486;38
550650;213
552072;1274
552645;24
553560;6
555331;53
556886;37
557675;36
558558;33
559065;224
561115;120
561771;160
563507;997
563831;1187
564088;418
564602;328
566496;1729
566594;721
566633;59
567233;349
567990;42
568433;206
569154;349
570736;233
575333;43
575510;20
577870;13
578166;320
578886;20
579434;29
579462;78
580001;215
580321;9
581795;30
582000;1675
582421;212
582755;450
583588;30
584285;89
587360;261
587855;142
587897;227
588547;17
589083;49
589337;18
591063;274
592142;127
592808;2084
592813;1749
593927;22
594282;41
594802;101
596072;151
596225;79
596519;225
598306;253
598524;1899
599869;9899
599881;2199
601988;206
603128;148
604347;10
605090;150
605272;129
608444;521
609066;13
610417;59
615017;373
615554;48
615787;41
616912;978
621864;39
622172;76
622815;198
623745;488
626696;39
626710;491
626884;207
626952;40
628538;2035
629286;237
629836;37
630051;228
630087;27
633946;210
634127;56
639697;8
639862;24
640210;604
640374;14
641344;127
647568;1818
647583;37
649822;323
650621;919
650722;305
651901;2139
652531;39
652739;112
652937;37
653205;50
655858;487
656160;37
658602;258
659204;382
661304;202
664774;141
667214;108
667434;186
675627;36
677207;249
677871;29
686688;115
687252;80
687394;2
687595;46
687601;31
687661;220
688454;540
688532;19
688608;552
688618;66
689880;44
690103;43
693990;166
693996;185
694002;195
694003;235
694276;37
694513;201
694575;368
695280;30
698335;29
699347;214
700769;444
701366;42
703466;199
705263;133
707261;1891
707508;41
708436;19
710779;52
710798;67
710983;63
711861;181
712358;160
712364;177
712404;24
712570;2
712841;59
713014;128
714994;1665
715825;41
716710;500
718222;478
718370;331
718388;62
718556;2751
718965;1818
719020;128
719125;217
719150;42
720351;67
722091;919
722707;305
722803;37
722962;1616
723015;1675
723264;160
727751;538
727917;68
728617;318
728854;79
728941;59
735736;1195
736918;70
738328;49
740265;240
741737;1961
742570;213
743572;145
745312;1239
748230;264
748233;275
748234;208
749251;199
750068;65
750961;229
751697;239
752361;50
752461;1252
753926;231
754072;1279
754493;248
754758;220
760091;243
760257;61
762626;149
763245;153
764751;278
765861;9
773721;19
773790;31
780829;651
782114;516
782376;1356
782402;266
782633;13
782859;264
782887;243
783141;208
783171;220
783603;99
789301;154
791556;28
796211;52
799491;17
804989;243
805361;147
818917;1054
819199;34
830463;17
834979;40
835791;63
838574;5722
843761;135
859889;109
869645;43
871401;38
876382;38
882088;259
885821;37
902089;62
924694;143
934836;214
935313;12
941929;95
943648;43
948795;202
953750;214
953763;55
953766;40
961018;1799
962051;3017
962127;38
962191;1789
962793;748
965872;255
966027;2649
966050;1349
966980;49
967856;440
967889;699
968417;1729
968476;999
969368;242
969503;6999
971634;173
972333;5578
972764;1341
973109;709
974458;1650
980170;1639
980927;478
982897;25
983363;376
984295;45
990892;349
996256;337
996585;119
996945;2023
997888;461
998032;66
998126;77
998414;290
1000629;203
1001214;245
1001519;500
1001788;138
1001792;130
1012631;404
1012632;762
1015915;526
1016112;266
1038217;2575
1038247;1620
1038248;780
1038509;437
1038603;2322
1039410;3581
1039500;168
1039632;265
1039845;94
1040055;363
1040208;94
1040520;296
1040521;296
1040676;447
1041258;615
