1290;1570
1300;2238
1665;212
2485;203
4376;1513
5226;1842
6127;929
6786;2760
7409;898
7412;1697
7917;1698
8745;2085
8921;279
8941;119
9542;174
10082;699
10356;202
10420;289
10452;218
10741;545
10770;11
10931;199
11350;1553
11605;2449
11753;1599
11936;971
12272;62
12304;321
12594;1799
12662;69
13078;1699
14130;139
14326;137
15883;1701
16076;278
16873;8
16973;368
17016;55
17358;2278
17909;18
18068;140
18831;1041
19172;1284
20893;29
20938;299
21002;1308
21489;249
22473;169
22474;159
23174;20
23448;236
23483;218
23699;706
23702;6770
24101;31
24204;1324
24283;1399
24842;790
24878;269
25026;2699
25629;238
25631;213
26085;1999
26203;1079
26622;44
26680;539
26687;699
26900;1463
28265;10
28660;221
29945;253
30011;1399
30621;160
31988;226
32560;1559
34170;2399
35465;1992
35719;2770
36156;233
36170;200
37775;29
38346;971
38350;560
38384;1210
38767;2921
39504;319
39689;574
39749;1842
40462;285
41144;1670
41236;78
41499;1143
41931;231
42081;246
42746;2400
43512;35
43563;149
43580;21
43958;65
44037;1972
44862;40
45057;349
45279;1207
45377;981
46440;56
46860;2775
47126;25
47289;316
48611;675
48982;19
49239;72
49629;856
49946;149
50179;184
50654;342
50979;229
52206;547
53070;275
53262;35
53358;313
53930;1392
53986;696
54249;94
54568;1179
55499;2071
56027;8
56074;64
56509;1299
57035;269
57873;59
58849;78
58925;292
59581;699
60255;53
61043;1799
62359;60
64061;80
65171;221
65330;249
65766;60
65796;49
66239;11
66316;491
66847;1333
66907;485
67079;18
67589;71
67610;88
67651;162
67697;80
67846;55
68331;1177
68695;799
68697;1348
68779;224
69580;249
69807;940
70480;2598
70539;33
70835;224
71875;182
72742;2749
72884;20
73036;78
73811;477
74642;49
75197;51
75200;73
75374;997
75531;293
75649;1399
75725;128
76696;1099
76899;65
77789;659
77804;399
77809;549
77858;365
78297;634
78721;155
78954;1749
80340;445
87909;1999
89075;8999
91010;112
91032;209
91179;135
91507;1299
91540;189
91739;24
91862;629
94426;18
94428;135
94465;199
94924;56
95123;317
96024;15
96034;199
97641;297
98312;1799
99323;142
99594;57
100167;141
100574;2599
100715;647
100990;204
100991;234
101498;63
101499;125
101520;46
101775;37
102090;1349
102983;343
103058;79
103916;199
105355;27
106892;338
106904;998
107716;899
107990;1849
108111;1246
109481;28
109964;2849
110084;34
110250;2999
110949;10
111036;699
112082;231
113299;11
114826;263
114943;241
115044;509
115679;1085
116550;365
116753;2999
117271;1218
117504;75
118257;167
118847;144
119172;303
120742;200
120925;13
121663;219
122012;24
122995;2744
123256;488
123303;213
123463;640
124286;170
124417;246
124450;284
124911;269
125622;76
125629;44
126977;200
128618;1751
128855;1988
129220;1249
129738;43
129794;9
129865;30
130651;17
130831;299
131509;149
132045;165
132046;141
132551;5
132974;1729
133804;18
133806;51
135657;30
138295;223
138512;899
138514;31
142275;1736
144134;199
144196;264
144233;35
145029;1804
147364;299
150429;351
150669;38
150695;979
151669;160
151697;649
152074;69
152687;75
153825;69
156039;79
157279;73
158039;224
158658;73
159634;31
159737;2327
160714;139
160722;19
161725;32
163106;24
163304;39
164325;192
164740;1569
165584;2699
165888;59
167283;71
167810;33
169073;24
170291;39
171195;59
171926;304
172569;21
172620;261
173402;82
174097;389
174159;25
174372;21
175166;209
176314;1138
176335;1041
177113;30
179927;1191
185177;46
185357;1699
187424;60
187456;23
187467;63
189480;20
189927;113
190699;99
191515;39
195803;54
196469;31
197806;35
197878;149
197885;99
198191;1206
198675;34
198909;42
198963;105
199200;42
201384;293
202329;44
203779;11
203848;168
205370;34
205901;44
206959;1326
207383;72
207399;155
208427;408
208463;240
208968;1115
209414;89
209792;20
210191;158
210611;20
212154;15
212195;43
212309;193
212349;1899
213800;23
214254;44
215633;262
216613;85
216692;99
216700;149
216840;103
216975;233
218565;34
219671;8999
220538;2399
220932;135
222326;443
222822;878
223054;17
224441;69
225112;56
226811;13
227382;5999
227631;703
229680;1182
230668;135
232809;40
232845;14
233598;11
235056;727
235191;35
236378;35
239426;699
241802;249
241919;59
242070;258
242428;34
243406;373
244121;84
244294;2299
244982;40
247637;58
247998;11
248350;49
248359;199
249601;1219
250060;529
250520;668
251919;2128
253295;285
255440;11
256099;243
257809;129
257812;394
257814;287
258450;125
258618;126
259758;45
260189;48
260564;149
261291;88
261768;45
261854;13
262174;61
262225;281
263027;22
263032;10
263127;256
264062;24
264593;1136
266437;71
267437;9
268516;24
269633;168
269656;92
271943;1502
272681;54
272810;52
272947;51
273001;99
273902;205
274281;194
274525;64
276439;71
280138;2129
281213;38
281325;58
283643;200
286658;32
290529;59
291291;67
294570;1935
294777;381
299279;899
300567;213
301364;49
303846;35
304231;506
304946;63
305903;19
306401;39
307896;39
307902;24
310148;50
310851;1179
312433;238
312486;243
313595;1649
314131;744
315637;215
316222;39
316310;29
316337;20
316428;538
319154;159
320383;423
321265;18
322302;159
322893;1404
323422;1299
325870;250
327856;32
328544;33
328616;17
328630;14
328636;37
328862;15
334274;1029
334308;1620
336020;20
337116;46
337632;37
338039;30
338453;20
340226;144
341801;1399
342283;239
342288;45
343623;20
344207;52
344636;29
345255;21
345407;15
345414;56
345942;27
346828;26
349828;60
349946;82
350248;21
351100;44
352728;13
352745;66
356330;19
357096;59
359859;1585
359951;1344
361878;24
362028;14
364780;267
365525;106
365916;17
366420;122
367353;103
368267;53
372105;79
374896;58
377067;20
377256;20
378777;249
380098;50
380196;99
386060;903
387088;43
388445;37
388647;999
390331;77
390607;42
394443;8
395611;28
395695;119
396432;20
396658;273
396659;273
397548;31
397828;1185
405807;42
406048;699
407498;30
408773;14
409656;1319
413459;24
413610;1206
414266;291
414993;19
417323;159
421700;969
423587;1230
424131;115
424291;59
426072;249
427643;29
428996;36
429476;220
429939;44
429995;19
430516;55
433371;111
434193;567
435201;14
438488;899
438773;2849
439398;267
443049;255
444046;1120
444497;25
444498;30
444799;89
445452;1298
446741;194
446883;44
447605;112
449574;197
449631;200
449685;1709
450729;8549
450898;59
451949;2941
452404;1565
453495;40
454998;473
455216;116
455321;43
455411;60
456516;78
459331;1799
462851;19
462852;19
463991;1422
465447;49
474456;1896
477514;38
478880;370
480827;195
481218;1899
482343;143
482348;19
482896;45
485176;89
485561;31
486650;165
487028;2312
488966;371
489061;41
489072;62
492451;44
492766;47
493283;28
493367;40
493983;3
497804;242
497891;62
498337;273
498888;542
501025;187
501518;313
501523;1025
504630;65
504682;967
505174;15
505258;16
505380;1847
506808;238
508314;1851
508486;1382
510373;113
519208;253
519852;13
521601;40
522490;71
522855;175
522893;39
524125;226
524814;53
524914;43
527735;19
527905;5266
528462;93
528628;235
528648;108
528714;509
531503;1954
531732;109
531904;49
534897;75
536141;7100
536169;2275
536982;43
539542;2841
541486;38
543204;1695
546848;55
550158;65
550650;213
552072;1274
552280;248
552629;43
552645;24
553560;6
553867;612
555331;53
556499;145
556886;37
557675;36
557682;37
557864;1199
557991;59
558558;33
559065;224
559368;252
561771;160
563365;236
563507;997
563831;1187
564088;418
565700;234
565807;330
566496;1729
566594;721
566633;59
566698;53
567233;349
567691;1629
567990;42
568433;206
569826;449
574876;24
575198;482
575676;16
577870;13
578166;320
578504;132
578886;20
579434;29
579462;78
580439;57
581654;263
581795;30
582000;1675
582372;2890
582755;450
583583;44
583588;30
587360;261
587897;227
588547;17
588568;1539
589337;18
591063;274
591676;319
591677;500
592142;127
592808;2084
592813;1749
593927;22
594282;41
595005;27
596072;151
596929;4939
598524;1899
598537;2849
599881;2199
600401;919
601025;1699
601037;1620
601051;2899
601988;206
602111;65
603128;148
604347;10
605272;129
607899;329
609066;13
609301;1026
610417;59
610625;135
610898;1685
613855;2099
614515;40
615017;373
615488;170
615554;48
615787;41
616179;11
616912;978
617608;437
621305;39
622172;76
622815;198
625290;22
626054;49
626710;491
626884;207
627407;496
629286;237
629314;231
629836;37
630087;27
630598;71
631313;26
631647;912
634127;56
635965;667
639681;40
640210;604
640374;14
641344;127
641573;11
645969;138
647568;1818
647583;37
649822;323
650621;919
650722;305
651024;80
651894;5578
652027;1616
652531;39
652739;112
652771;64
652937;37
653217;52
655842;101
656160;37
659111;761
659204;382
661302;225
661304;202
665085;118
675557;19
675627;36
677211;212
677877;44
681430;318
686688;115
687119;23
687252;80
687595;46
687661;220
688454;540
688608;552
690391;301
690617;102
693996;185
694002;195
694003;235
694513;201
698335;29
699347;214
700769;444
701366;42
704643;97
704709;97
705263;133
707261;1891
707406;305
707630;2760
708146;955
708436;19
708993;1628
710779;52
710983;63
712358;160
712364;177
712404;24
712652;136
712841;59
713014;128
713336;39
713463;206
713528;2
716215;484
716624;8
718143;55
718222;478
718370;331
718388;62
718965;1818
719020;128
719125;217
720327;50
721916;1236
722091;919
722707;305
722787;1818
726394;192
726613;209
727751;538
728134;111
728597;53
731581;972
732594;458
735736;1195
736918;70
737394;27
739717;109
740256;35
740847;215
741154;214
741737;1961
742570;213
743046;59
743572;145
747532;25
748230;264
748233;275
748234;208
748561;208
748672;71
748950;57
749251;199
750049;51
751697;239
754072;1279
754493;248
757839;40
760091;243
764751;278
765861;9
765970;31
766047;12
773721;19
779832;45
780767;450
780829;651
782114;516
782376;1356
782633;13
782887;243
783171;220
783603;99
786880;169
787793;62
791495;12
791552;16
796211;52
805361;147
805465;146
807575;138
807953;173
818917;1054
819199;34
835791;63
843761;135
859889;109
869645;43
869659;146
870544;38
871404;54
876370;101
876382;38
882088;259
886689;63
902089;62
915820;37
924694;143
934836;214
935313;12
941929;95
942081;34
943648;43
945085;179
945550;22
953672;134
953753;201
961002;2776
961013;2252
961325;2355
961379;7125
962127;38
962191;1789
962793;748
963403;548
964582;52
965868;233
965872;255
966050;1349
966178;1395
966980;49
966990;59
967683;9
967731;6700
967856;440
971634;173
972333;5578
972764;1341
974345;228
974458;1650
975980;40
979459;62
980927;478
982841;607
982897;25
983363;376
984295;45
984296;34
985849;201
986752;993
987378;349
987920;978
988015;35
990892;349
996342;11
996505;121
996580;114
996585;119
997886;338
998032;66
998126;77
998414;290
999665;119
1000595;136
1000629;203
1001214;245
1001519;500
1001788;138
1001824;25
1003443;378
1004706;41
1004710;109
1005721;238
1012632;762
1015450;242
1015455;285
1016112;266
1032329;58
1038217;2575
1038247;1620
1038248;780
1038508;631
1039410;3581
1039459;340
1039845;94
1040055;363
1040521;296
1040676;447
