116;1699
462;1375
1290;1570
1300;2238
1665;212
2503;245
2580;517
2838;1821
2842;1618
4376;1513
4936;574
6127;929
6152;1490
6272;1144
6786;2760
7409;898
8745;2085
8941;119
8967;12
9639;19
10082;699
10452;218
10741;545
10931;199
11056;215
11242;340
11753;1599
12304;321
12670;49
12680;39
13123;199
13451;497
14130;139
14249;18
14326;137
15014;123
15625;228
15883;1701
16873;8
17197;2799
17198;1499
17241;2887
17358;2278
17852;205
18068;140
18831;1041
19064;39
20701;134
20938;299
21002;1308
21414;227
21489;249
21897;62
22404;5999
22474;159
23448;236
23699;706
23702;6770
24204;1324
24283;1399
24842;790
25026;2699
25155;484
25227;10
25631;213
26203;1079
26506;1150
26622;44
26680;539
26687;699
26900;1463
27442;1741
27888;1696
28265;10
28660;221
30011;1399
30605;227
30621;160
30979;1679
31158;2760
32560;1559
34326;225
34794;39
35465;1992
36156;233
36244;159
37565;188
37775;29
38346;971
38384;1210
39639;45
39689;574
40238;200
41236;78
41669;76
42077;478
42746;2400
43585;54
44119;490
45057;349
45279;1207
46860;2775
47289;316
47476;141
48490;576
48611;675
49239;72
49629;856
49946;149
50040;316
50301;47
50597;1319
50603;12
50654;342
50950;289
50979;229
52206;547
52223;75
52805;30
53070;275
53262;35
53306;2007
53930;1392
53986;696
54568;1179
56074;64
56897;982
57035;269
58620;518
58849;78
58925;292
59581;699
60295;702
61042;2999
61043;1799
61667;1662
62264;75
62658;81
63204;41
63255;199
64248;64
64804;7
65094;378
65171;221
65330;249
65520;195
65706;1202
65766;60
66239;11
66316;491
66717;190
66847;1333
67079;18
67610;88
67651;162
67695;66
67697;80
67846;55
67948;272
68695;799
68697;1348
68779;224
68952;185
69411;47
69580;249
69807;940
70443;1362
70539;33
70835;224
70843;520
71125;1728
71875;182
72009;8999
72731;1499
72742;2749
72884;20
73036;78
73811;477
75374;997
75524;1189
75531;293
75649;1399
75722;258
76163;699
76696;1099
76855;524
76899;65
76945;29
77789;659
77798;269
78297;634
78578;72
78721;155
78954;1749
80195;1470
80340;445
81290;2233
83783;82
86372;8999
86543;17
87079;54
87909;1999
88359;616
89075;8999
89342;279
91010;112
91032;209
91507;1299
91540;189
91862;629
94426;18
94428;135
94490;52
95123;317
95547;229
95561;49
95643;19
96024;15
97641;297
98124;71
98411;40
98690;14
99115;53
99119;72
99588;1241
99594;57
99913;19
100129;2849
100627;25
100990;204
100991;234
101499;125
101520;46
101775;37
103058;79
105641;514
106553;267
106750;2650
106904;998
107716;899
107990;1849
109481;28
110084;34
110181;142
110250;2999
110949;10
111036;699
111050;9699
111243;549
111244;399
111525;239
111532;299
112082;231
113299;11
113813;28
114826;263
116550;365
116753;2999
117271;1218
117492;64
119172;303
121663;219
122995;2744
123303;213
123943;113
124194;61
124417;246
126977;200
129001;256
129794;9
129865;30
130651;17
130807;699
130831;299
131509;149
133806;51
134791;75
135623;207
135657;30
137719;215
138400;532
138514;31
139777;1399
140901;365
140994;28
142075;205
142275;1736
142746;69
144134;199
144233;35
144290;47
144487;1743
145029;1804
145617;44
148487;40
149664;527
150429;351
151676;93
152065;36
152074;69
152687;75
155916;81
156039;79
157279;73
158389;75
158658;73
159634;31
160714;139
161725;32
162173;61
163304;39
164325;192
165809;69
167175;47
167810;33
168995;2016
171827;138
171926;304
172620;261
173574;1998
174097;389
174159;25
174372;21
175157;26
175403;10
176314;1138
176335;1041
176766;52
177113;30
179927;1191
184335;6887
185177;46
185357;1699
187424;60
187456;23
189480;20
189481;41
190951;1366
191014;62
191515;39
192282;70
193210;159
194658;21
195803;54
196469;31
197268;124
197878;149
198675;34
201384;293
202225;2890
203338;475
203550;578
203779;11
203848;168
205370;34
205901;44
206816;3568
206959;1326
207046;20
207364;149
207383;72
208427;408
208463;240
208968;1115
209414;89
210191;158
212195;43
212309;193
213800;23
215363;241
215633;262
216613;85
216692;99
216840;103
216975;233
217883;476
218565;34
219639;189
219671;8999
220265;512
220538;2399
222329;1666
223742;17
224441;69
225937;129
226811;13
227256;75
227631;703
229503;1251
229680;1182
230668;135
231417;27
232809;40
232845;14
233221;270
233705;152
234368;47
235191;35
236378;35
237009;38
237659;127
239426;699
240803;356
241802;249
242070;258
242218;47
242448;169
242831;8999
243062;4499
244294;2299
244982;40
247637;58
247998;11
249768;141
250048;59
250281;20
250520;668
251919;2128
251967;62
252889;246
252890;246
253788;10
253793;172
254040;26
255261;191
255440;11
256099;243
257809;129
257814;287
257950;273
258023;44
258450;125
258618;126
259553;127
259565;45
259751;38
259766;59
260561;417
261291;88
261768;45
262124;115
262174;61
262224;184
262225;281
262292;281
262621;5
263127;256
263788;59
264062;24
264593;1136
264718;223
265709;34
265718;36
266437;71
267437;9
269041;28
269566;48
269633;168
271943;1502
272810;52
272947;51
273452;10
274281;194
274525;64
276439;71
280138;2129
283643;200
286658;32
287443;524
289449;59
289682;254
289989;458
290529;59
290850;45
291291;67
291293;50
294157;325
294570;1935
296733;43
297123;129
297714;1097
297887;34
297973;18
299279;899
304231;506
304869;59
304942;62
305903;19
306401;39
308456;249
308466;700
310851;1179
310961;169
311978;512
312106;99
313595;1649
314131;744
316222;39
316228;8
316428;538
321265;18
322302;159
322893;1404
323422;1299
325869;35
325870;250
327856;32
328558;70
328862;15
333524;41
334308;1620
335726;1266
336020;20
337632;37
338387;58
339204;65
340226;144
340740;29
342288;45
342289;65
343623;20
344207;52
344633;26
344636;29
345407;15
345687;1037
346484;899
346787;1899
351100;44
355685;239
356330;19
357096;59
362028;14
364185;44
365525;106
366420;122
367353;103
367561;343
368267;53
371645;145
374896;58
375046;381
377256;20
378777;249
380196;99
386008;35
386060;903
387088;43
387569;34
388445;37
388647;999
388919;29
390607;42
394443;8
395695;119
396432;20
396658;273
396659;273
397498;147
397548;31
397553;105
397828;1185
398418;24
404446;15
406048;699
407498;30
409463;262
409656;1319
412016;1497
412194;326
413610;1206
414993;19
415953;50
421199;1129
422704;139
422917;36
423587;1230
424131;115
424291;59
424494;35
424508;12
425426;2
426072;249
427092;1769
427643;29
428996;36
429476;220
429995;19
430516;55
432597;164
433371;111
434193;567
434959;190
435201;14
435942;376
437545;45
438488;899
441188;19
445305;17
445452;1298
446741;194
446883;44
447605;112
449574;197
449631;200
449685;1709
450008;312
450199;50
450729;8549
450787;17
450898;59
451949;2941
451953;292
453299;3
453495;40
454843;342
457716;56
462851;19
463991;1422
472025;17
476643;37
478880;370
481218;1899
482348;19
482896;45
482989;13
485176;89
485561;31
486650;165
486688;57
490311;495
492451;44
492766;47
493283;28
495502;35
495606;36
496595;220
496635;187
498888;542
504417;365
504598;147
504682;967
505174;15
505258;16
505380;1847
506808;238
508314;1851
508486;1382
510373;113
513637;41
514312;206
515366;570
516992;248
521601;40
522490;71
522893;39
524125;226
524288;1699
524672;198
524819;59
524914;43
526109;1149
528462;93
528628;235
528648;108
528714;509
531027;153
531503;1954
531648;39
531904;49
535510;39
535513;37
536169;2275
536251;198
538968;2199
539208;2377
546848;55
549132;123
550158;65
550650;213
552280;248
552629;43
556499;145
556886;37
557675;36
558558;33
559368;252
561115;120
561771;160
563831;1187
565807;330
566594;721
566633;59
566698;53
567233;349
567691;1629
568460;57
569154;349
569826;449
570654;32
570736;233
572112;6
575333;43
575510;20
575676;16
577870;13
578166;320
580321;9
580439;57
581654;263
581795;30
582421;212
582755;450
582899;75
583583;44
583588;30
587897;227
588547;17
588568;1539
589083;49
589337;18
591063;274
591676;319
591677;500
592142;127
592203;186
592813;1749
593927;22
594802;101
595005;27
595012;755
596116;142
598306;253
598537;2849
599699;27
599869;9899
600401;919
601025;1699
601988;206
602111;65
603128;148
604347;10
605090;150
605272;129
607357;470
607899;329
608444;521
610625;135
610898;1685
614515;40
615554;48
616179;11
616912;978
617112;53
617608;437
621305;39
621864;39
622172;76
622815;198
626054;49
626710;491
626884;207
627407;496
628538;2035
629286;237
629314;231
629836;37
630087;27
630544;47
630595;168
630598;71
631313;26
639681;40
639862;24
641573;11
645967;147
650621;919
650722;305
651024;80
651894;5578
651901;2139
652531;39
655842;101
655858;487
656160;37
658602;258
663252;144
663340;173
667214;108
667434;186
672952;29
675771;19
677058;46
677207;249
677871;29
677877;44
681430;318
683562;29
687119;23
687595;46
687661;220
690103;43
690391;301
690393;471
690617;102
693990;166
694003;235
694513;201
698335;29
700769;444
701366;42
704643;97
704709;97
705263;133
707261;1891
707277;38
707406;305
707630;2760
707862;317
708993;1628
710283;154
710983;63
711861;181
712364;177
712841;59
713014;128
713336;39
713528;2
714994;1665
716215;484
717594;323
718388;62
718556;2751
718965;1818
718981;37
719020;128
719150;42
720327;50
720351;67
722091;919
722707;305
723015;1675
723264;160
725519;326
726613;209
727751;538
727917;68
728597;53
728854;79
728941;59
731581;972
732594;458
736918;70
737394;27
738282;208
740256;35
740265;240
740847;215
741737;1961
742570;213
743309;26
743572;145
744250;205
744423;225
744426;225
745312;1239
747532;25
748233;275
748672;71
748950;57
750049;51
750961;229
751697;239
752361;50
753639;29
753644;7
753911;34
753926;231
754072;1279
754493;248
754758;220
760091;243
760257;61
762626;149
763245;153
764751;278
765970;31
766047;12
773721;19
782114;516
782402;266
782633;13
782859;264
782887;243
782929;34
784435;102
789301;154
789384;16
791550;60
791552;16
791556;28
796211;52
799491;17
804975;643
804989;243
805361;147
818917;1054
819199;34
823668;6
830463;17
830674;484
830675;876
834976;40
835791;63
835813;37
837433;146
842627;2182
869645;43
870544;38
871401;38
871404;54
882088;259
924694;143
934836;214
935313;12
942081;34
943648;43
945085;179
948795;202
953672;134
953750;214
953766;40
961002;2776
961325;2355
962051;3017
962127;38
962191;1789
962793;748
963403;548
964582;52
965867;226
965868;233
965872;255
966027;2649
966178;1395
966990;59
967856;440
967889;699
968476;999
969550;9297
969571;2259
971634;173
973109;709
974458;1650
975980;40
979459;62
980170;1639
984295;45
984296;34
985849;201
987378;349
988015;35
996342;11
996505;121
996945;2023
997886;338
998126;77
998375;9
998435;156
1000316;278
1000595;136
1000629;203
1000899;76
1001214;245
1001519;500
1001824;25
1003443;378
1004710;109
1005721;238
1012632;762
1015450;242
1015455;285
1016112;266
1025446;81
1038084;1320
1038217;2575
1038248;780
1038483;94
1038508;631
1038509;437
1038603;2322
1039410;3581
1039459;340
1039632;265
1039649;2165
1039845;94
1040055;363
1040520;296
1040676;447
1041258;615
