116;9
462;36
1286;48
1300;87
2485;156
2580;178
2838;93
2842;9
4376;9
4936;178
6127;112
6152;9
7331;67
7412;9
8921;186
8967;191
9542;53
9639;33
10082;118
10356;156
10420;225
10452;116
10770;191
10930;170
11242;183
11350;120
11936;112
12301;112
12304;186
12680;55
13123;53
13451;107
14130;212
14249;176
14326;184
16076;222
16193;76
16870;165
16873;63
16973;186
17016;218
17358;242
17852;116
18077;273
18157;260
19058;32
19064;81
19165;242
19172;260
20701;212
20938;186
21002;36
21897;179
22404;152
22474;128
23448;31
23483;156
23702;254
24101;130
24204;36
24279;260
24842;38
24878;117
25026;242
25429;211
25629;31
26079;36
26085;120
26156;242
26203;112
26506;18
26680;107
26687;19
26900;93
27442;246
28265;191
29945;183
30605;31
31988;31
34326;28
35719;48
36244;184
37565;249
37775;95
38346;251
38350;111
39275;31
39639;218
39689;178
39749;70
39769;72
40238;53
41144;93
41279;263
41499;112
41669;8
41931;40
42269;212
43451;244
43512;101
43563;128
43580;56
43585;62
43958;160
44037;29
44119;178
44162;48
44862;20
45377;251
45981;83
46860;48
47082;178
48490;118
48611;244
49629;38
49946;212
50040;64
50179;227
50301;80
50597;36
50654;64
50950;186
52883;269
53262;51
53306;211
53986;19
54249;249
55230;33
55803;266
56018;183
56020;227
56027;72
56074;5
56509;260
57035;228
57873;80
58620;197
59581;178
60255;123
61033;93
61667;93
62264;162
62359;207
62658;80
63242;127
63255;158
63867;197
64061;215
65072;93
65094;186
65330;182
65766;105
66316;126
66721;137
66847;36
66907;197
67079;61
67610;25
67695;181
67697;213
67948;225
68331;223
68478;93
69807;112
71125;9
71633;178
71875;220
72009;75
72884;33
73036;105
74972;29
75197;80
75200;204
75374;112
75531;117
75649;260
76163;19
76254;270
76685;246
76696;112
76855;126
76899;179
76945;33
77789;19
77798;117
77804;60
77858;124
78721;184
78954;93
80195;260
80340;107
80867;95
82989;171
83783;245
85391;242
87079;179
87909;70
89075;75
89148;16
89753;93
91032;31
91739;109
91862;107
94426;121
94428;212
94629;123
94924;98
95123;186
95547;53
95643;121
96024;157
96034;53
97641;117
98016;23
98312;9
98411;20
98690;14
99588;114
99595;25
100167;212
100574;242
100627;95
101039;224
101498;10
101499;190
101520;180
101775;20
101866;23
102090;1
102983;64
103916;53
105641;197
106750;48
106892;186
106904;112
107716;38
107990;93
109481;95
109864;187
109964;48
110052;4
110084;95
110250;42
111036;132
111050;262
111244;60
111525;227
113299;214
114943;44
115044;142
115650;246
116550;64
116753;42
117492;179
118521;171
118847;203
119172;268
120925;103
123256;126
123992;165
124194;213
124417;272
124450;225
124911;222
126360;15
128618;9
129001;76
129738;55
129794;187
130445;191
130651;278
131509;212
132045;221
132974;246
133806;55
135623;156
135657;2
135965;80
137719;40
138295;272
138400;126
138512;38
139777;149
140901;76
141207;178
142075;116
142275;171
144134;40
144196;222
144290;80
144487;9
145028;48
145409;114
145617;133
147136;117
147364;76
148487;55
149664;142
151669;205
152074;23
153825;248
158039;40
158389;25
158658;179
159737;87
160714;128
160722;56
162173;105
165584;242
165809;213
168995;247
170291;133
171195;234
171926;15
172620;31
173402;248
173574;120
175166;116
175577;203
175647;163
176314;138
176335;274
176766;55
184217;208
184335;254
184550;171
185177;180
185357;9
186813;216
187456;2
188102;152
188716;116
189480;161
189927;172
190699;177
194658;4
195803;98
196469;168
197268;172
197806;102
197878;184
197885;205
198114;98
198477;278
198909;180
199200;39
200269;265
201384;282
202225;48
202329;266
203338;16
203550;111
203779;191
203848;212
205901;88
206816;42
207102;80
207364;220
207383;141
207399;203
208019;245
208427;16
209792;201
210611;230
212154;125
212195;59
212309;233
212349;93
212708;107
213800;130
214254;77
215363;268
216549;22
216692;177
216700;184
216840;94
217883;142
219639;158
219975;255
220265;126
220538;87
220932;146
222822;164
223054;278
223742;34
223807;126
224304;201
225112;23
226811;253
227113;18
227382;254
229503;277
229680;114
230668;83
233598;191
233705;104
234964;18
235056;244
237009;77
239426;118
240950;213
241802;261
242070;225
242218;258
242428;161
243062;152
243406;15
244121;204
244297;70
247637;181
247998;206
249347;7
249768;79
250060;142
251967;177
252889;233
252890;137
253295;243
253793;41
253825;263
255261;116
255440;187
257651;233
257812;124
257814;68
257950;137
258450;190
258618;275
258727;178
259561;57
259565;20
259751;266
259758;10
259766;98
260561;16
260564;203
261291;248
261854;191
262124;172
262621;22
263027;119
263032;108
263788;207
265709;10
265718;180
265805;222
268516;33
269041;157
269566;23
269656;172
271943;90
272810;123
273001;172
273156;59
274281;239
274726;20
281213;77
281325;181
282542;68
283643;170
285523;223
286658;263
287443;142
289682;268
289989;142
290529;240
294157;15
294570;29
297887;279
300567;40
301364;62
303846;81
304231;142
304869;80
304942;181
304946;80
306401;12
308456;145
308466;178
310148;62
310851;231
311978;142
312106;97
312433;156
314131;244
315637;116
316228;63
316337;214
319154;127
320383;186
322893;36
323422;1
323917;108
324528;229
325869;54
325870;239
327856;20
328544;163
328558;241
328630;214
328636;102
328862;154
329034;280
333524;133
334308;93
335726;114
337116;271
337632;55
338387;80
338453;278
340740;115
341801;93
342283;195
342288;59
342289;85
343669;14
344207;102
344633;61
345414;179
345474;208
345477;63
345942;150
346484;38
346787;93
346828;176
348446;266
349828;181
352745;192
356330;136
359951;138
361878;203
364185;180
364302;197
364780;31
366420;234
367561;15
368267;181
375046;272
377256;56
378615;52
380098;62
380196;179
381148;10
386008;180
386060;67
387569;20
388647;277
394443;208
395695;83
396432;109
396658;233
396659;137
397498;146
397548;54
397553;275
397828;251
404446;34
405807;218
406045;53
408773;14
409656;90
412016;223
412194;110
413459;144
413610;132
415953;273
417323;25
421700;277
422704;28
422917;165
423587;18
425426;187
426072;145
427092;120
427643;2
429476;84
429995;33
433371;190
434193;126
434912;56
435439;186
437545;59
437551;239
438486;93
439398;110
441188;56
443049;282
444498;226
444799;188
445305;278
446741;40
446883;20
447605;83
449154;229
449631;272
450199;23
451949;242
451953;117
452404;9
453495;238
453888;253
454843;16
454998;126
455216;215
455321;256
455411;240
457716;179
460562;23
462851;154
463855;270
468522;166
472025;219
474456;90
476643;54
477514;77
478880;50
480764;25
480827;239
481128;48
482896;266
485561;121
486688;188
486717;51
486798;15
487028;242
492451;266
492604;18
492766;266
493283;130
493367;266
495606;280
496595;21
498337;159
498344;67
501518;186
504417;76
504682;251
505258;232
506808;44
507269;48
507276;93
508314;70
508486;9
513637;235
514312;145
515366;178
516992;182
519852;191
521601;180
522490;215
524288;70
524672;137
524914;133
526109;112
527905;152
528648;172
531027;184
531648;10
531732;190
534897;25
535510;165
535513;7
535634;80
536141;262
536169;242
536251;233
536982;266
539208;242
539542;48
543204;246
546848;179
552280;53
552629;10
553560;187
553867;244
555331;57
556499;203
556886;168
557675;180
557991;98
561115;172
561771;128
563365;239
563507;112
563831;114
564602;64
566594;67
566633;204
567990;133
568460;179
569154;64
569826;169
570654;54
572112;187
574876;33
575198;197
575510;121
577468;225
577870;4
578166;76
578504;212
578886;214
579434;281
580001;40
580511;61
581654;222
582000;93
582057;16
582421;40
582448;244
582755;169
582899;241
583588;101
584285;174
587360;183
587897;145
588547;269
588568;36
589337;269
591063;225
591677;142
592203;227
592808;87
594282;133
595005;32
595012;38
596116;203
596225;80
596519;156
596929;152
599699;263
602111;105
603128;212
605090;212
605272;94
607357;142
608444;126
609301;251
610417;226
613855;247
614515;150
615017;186
615488;97
615787;216
616179;208
621305;59
621703;180
622815;53
623745;197
625290;176
625970;197
626054;62
626696;226
626884;189
626952;7
628538;211
629286;268
629314;225
630544;102
630598;141
631313;32
631647;231
634127;204
635965;244
639681;55
640210;111
640374;267
641573;66
647568;70
647583;165
649822;64
650621;112
651024;215
651901;211
652531;201
652739;270
653217;150
658828;4
659111;244
663252;97
664774;203
665085;94
667214;94
667434;221
671808;40
672952;279
675627;102
675771;56
677058;133
677207;31
677871;279
681430;186
683562;130
687252;25
687394;22
687595;226
688618;179
689880;266
690391;76
693996;221
694002;227
694575;76
695280;176
696035;136
700769;186
703466;239
704643;94
704709;94
705263;203
707261;70
707406;186
707508;133
707862;186
708146;112
708436;253
708993;223
710562;101
711861;21
712364;221
712404;130
712570;22
712841;105
713014;203
713528;22
714994;9
716710;126
716878;133
717594;64
718222;142
718370;76
718388;80
718965;70
718981;165
719020;203
719125;40
719150;133
720327;23
721916;18
722091;112
722707;186
722803;165
723015;9
723264;79
723270;221
725519;64
726394;116
727751;118
727917;80
728597;204
728615;142
728617;76
728854;248
728941;80
735684;126
735736;223
736918;105
737394;263
738282;40
738328;163
739310;223
739717;190
740256;99
743572;203
744250;156
744423;233
744426;137
747532;130
748230;225
748672;179
750049;23
750961;31
751697;228
752361;133
752461;18
753639;192
753644;208
753911;99
753926;268
754072;149
762626;212
765861;187
765970;235
766047;74
773790;202
780767;169
780829;197
782114;126
782402;228
782859;225
782887;268
783171;44
783603;188
787793;105
789301;97
789384;56
791556;66
805361;97
818917;231
823668;208
830675;164
834976;20
834979;10
835791;105
842627;87
843761;127
859889;172
869645;266
869659;212
870544;10
871401;20
871404;123
876382;276
882088;222
886689;213
924694;97
935313;14
941929;172
942081;20
945085;97
945550;269
948795;40
953670;55
953672;212
953750;31
953753;156
953763;179
953766;133
953794;230
961013;87
961325;242
961379;262
962127;266
962191;70
962793;38
964582;129
965867;272
965868;156
966027;48
966048;9
966050;93
966980;62
967683;22
967889;78
968417;246
968476;112
969368;50
969503;262
969571;242
971634;21
972333;152
972764;36
973109;244
974345;68
974458;223
975980;62
979459;105
980170;93
980927;142
982841;118
982897;95
984296;54
985979;56
987920;112
988015;20
990386;20
990892;64
996256;15
996505;146
996585;172
996945;211
997886;124
997888;259
998032;80
998414;222
998435;220
1000316;268
1000503;213
1000595;203
1000629;239
1000899;25
1001214;76
1001788;97
1003443;186
1012631;69
1012632;164
1015450;212
1015455;282
1025446;248
1032676;98
1038084;9
1038247;93
1038248;38
1038483;25
1039410;48
1039500;203
1039632;156
1039845;105
1040055;268
1040208;80
1040521;233
