116;9
1290;9
1300;87
1665;156
2485;156
2495;116
2842;9
4376;9
4936;178
5226;70
6127;112
6152;9
6786;48
7412;9
7917;9
9639;33
10082;118
10356;156
10452;116
10741;178
10930;170
10931;21
11242;183
11350;120
11753;9
12301;112
12594;120
12662;25
12670;179
12680;55
13123;53
14326;184
15063;266
16870;165
16873;63
16977;246
17016;218
17197;242
17198;260
17241;48
17358;242
17852;116
17909;269
18068;203
18077;273
18157;260
19058;32
19064;81
19165;242
20701;212
21002;36
21414;31
21428;112
21897;179
22404;152
22474;128
23448;31
23483;156
23699;19
23702;254
24101;130
24204;36
24279;260
25155;69
25227;191
25631;156
26085;120
26156;242
26203;112
26622;266
26680;107
26687;19
26900;93
27442;246
27888;246
28660;156
29945;183
30011;260
30605;31
30621;128
30979;246
31777;249
31988;31
32560;93
34170;87
34326;28
34794;133
35465;29
36156;272
37775;95
38255;247
38346;251
38350;111
38384;18
38767;48
39275;31
39504;186
39689;178
39749;70
40238;53
40462;282
41236;25
41279;263
41499;112
41931;40
43451;244
43580;56
43585;62
43958;160
44162;48
44862;20
45279;18
46295;105
46440;179
46860;48
47476;127
48982;232
50301;80
50597;36
50654;64
50950;186
50979;183
51474;181
52206;67
52223;179
52805;161
52883;269
53262;51
53306;211
53358;15
53930;260
53986;19
54249;249
54750;53
55499;120
55833;212
56018;183
56020;227
56027;72
56509;260
56897;112
57035;228
57873;80
58849;80
60295;19
60652;250
61042;48
61043;9
61667;93
62264;162
62359;207
63204;20
63242;127
63867;197
64248;25
64721;105
64804;144
65094;186
65171;40
65330;182
66316;126
66721;137
66847;36
66907;197
67610;25
67651;203
67695;181
67846;133
68331;223
68695;38
68697;93
68952;227
69374;242
69411;241
69580;182
69807;112
70443;9
71125;9
71633;178
72731;93
72742;48
72884;33
73820;76
74808;4
74972;29
75197;80
75200;204
75374;112
75531;117
75649;260
75722;228
75725;94
76685;246
76945;33
77809;78
77858;124
78954;93
80867;95
81290;87
86543;187
88359;67
89075;75
89753;93
91032;31
91507;260
91540;156
91739;109
91862;107
94465;40
94490;179
94629;123
94924;98
95123;186
95547;53
95561;226
95643;121
96024;157
98016;23
98124;141
98312;9
98434;172
99588;114
99595;25
99913;34
100129;48
100990;156
101498;10
101520;180
101775;20
101866;23
102983;64
105641;197
106457;127
106553;222
106750;48
106892;186
107716;38
107990;93
108111;90
109481;95
109964;48
110052;4
110084;95
110250;42
110949;267
111036;132
111243;78
111244;60
111532;183
112082;76
113299;214
113813;235
114826;268
115044;142
115520;200
115679;112
116753;42
117492;179
117504;213
118257;189
118521;171
119172;268
120925;103
122012;144
123256;126
123303;40
123992;165
124286;97
124417;272
124450;225
124911;222
125629;77
125766;9
126360;15
128004;129
128618;9
129001;76
129738;55
129865;54
130651;278
130831;145
131509;212
132045;221
132046;79
132551;22
133806;55
135161;4
135657;2
135965;80
137719;40
138512;38
140901;76
140994;115
142075;116
142275;171
142746;8
142907;212
144233;163
147136;117
147193;142
148487;55
149664;142
150669;7
150695;112
151669;205
151697;58
152065;134
152687;25
153825;248
155553;105
155916;215
157279;248
158039;40
158389;25
160714;128
164740;246
165584;242
165809;213
165888;80
167175;80
167303;201
167810;88
168995;247
169073;176
171195;234
171827;184
172569;278
172620;31
173153;231
173402;248
174097;186
174159;144
174372;4
175157;216
175166;116
175403;187
176335;274
176766;55
184335;254
184550;171
185177;180
185357;9
186605;280
186813;216
187424;148
187456;2
187467;234
188102;152
188716;116
189480;161
189481;280
190699;177
190951;90
191014;123
191515;20
194658;4
196469;168
197806;102
197878;184
198191;138
198963;172
200269;265
203550;111
206816;42
207046;253
207102;80
207383;141
208019;245
208427;16
208463;68
208968;18
209414;162
209792;201
212195;59
212309;233
213800;130
214254;77
216613;204
216692;177
216700;184
216840;94
216975;228
217883;142
219639;158
219975;255
220265;126
220932;146
222326;197
222329;82
223742;34
223807;126
224304;201
225937;203
226811;253
227113;18
227382;254
227631;244
229484;80
229503;277
230295;199
230668;83
231417;230
232845;206
233207;84
233221;268
233598;191
233705;104
233807;51
234368;258
234964;18
235056;244
236378;130
237009;77
240803;135
241802;261
241919;80
242428;161
242448;127
242831;75
243062;152
243406;15
244121;204
244294;211
244982;266
247998;206
248350;62
248359;21
249347;7
249768;79
250060;142
250281;56
251967;177
252889;233
252890;137
253295;243
253737;130
253788;72
253793;41
253825;263
256099;282
257651;233
257812;124
257950;137
258023;273
258618;275
259561;57
259565;20
259758;10
259766;98
261854;191
262124;172
262174;123
262225;183
262621;22
263032;108
263788;207
264062;33
264593;138
265709;10
265718;180
266437;162
267437;187
268516;33
269041;157
269633;21
271943;90
272681;181
273001;172
273156;59
273452;72
273902;195
274726;20
281325;181
285523;223
286658;263
289449;129
289682;268
289989;142
291291;25
291293;23
294570;29
294777;15
294781;133
296733;62
297123;83
297714;18
297973;125
300567;40
301364;62
303846;81
304231;142
304946;80
305903;232
306401;12
307896;133
307902;278
308456;145
310961;97
312433;156
313595;9
314131;244
315637;116
316228;63
316310;61
316428;259
320383;186
322302;128
322893;36
323422;1
323917;108
325869;54
327856;20
328558;241
328616;61
328630;214
328636;102
333524;133
334274;38
334308;93
334542;88
335726;114
337245;25
337632;55
338039;133
338453;278
338970;76
340226;213
341801;93
343623;96
344207;102
344633;61
345255;214
345414;179
345474;208
345687;112
345942;150
346787;93
346828;176
348446;266
351100;229
352728;257
352745;192
353113;276
356330;136
357096;276
359859;9
362028;206
364780;31
365357;156
366420;234
368267;181
374896;241
377256;56
377947;129
378777;167
380098;62
380196;179
382489;214
386008;180
386060;67
387088;133
388445;59
390331;248
390607;20
394443;208
395695;83
396432;109
396658;233
396659;137
397498;146
397553;275
404446;34
406048;118
408773;14
409656;90
412016;223
414993;34
417323;25
421199;112
421700;277
422917;165
424494;150
425426;187
426072;145
427092;120
427643;2
430516;181
434193;126
434912;56
434959;272
435439;186
437545;59
438486;93
438488;38
438773;48
439398;110
443049;282
444046;231
444498;226
444799;188
445305;278
445452;18
446741;40
447420;170
449154;229
449631;272
449685;247
450787;269
450898;123
451949;242
452404;9
453299;194
453495;238
456516;5
457716;179
460562;23
462851;154
462852;24
463855;270
463991;9
474456;90
475385;55
476643;54
477514;77
478880;50
480764;25
481128;48
481218;70
482348;121
485187;103
486717;51
486798;15
486882;230
487028;242
488966;64
489072;81
490311;178
492451;266
492604;18
492766;266
495502;20
495606;280
496340;128
496635;97
497804;145
497891;141
498337;159
501025;227
501518;186
501523;112
504417;76
504630;25
504653;7
505174;74
505258;232
507269;48
508314;70
510373;172
513637;235
514312;145
519208;31
519852;191
521601;180
522490;215
522893;165
524125;68
524288;70
524672;137
524814;23
526109;112
527735;32
528462;94
528628;68
531027;184
531145;75
532736;18
535510;165
535513;7
535634;80
536141;262
536169;242
536251;233
539542;48
543204;246
549132;190
550158;23
553867;244
556886;168
557864;18
557991;98
558558;20
561771;128
563507;112
563831;114
565700;116
565807;186
566594;67
566698;5
568460;179
569154;64
569826;169
570654;54
571225;172
574876;33
575198;197
575333;266
575510;121
578504;212
578886;214
580001;40
580511;61
581654;222
581795;163
582372;48
582421;40
582448;244
582755;169
582899;241
584285;174
587855;212
587897;145
588568;36
589083;266
589337;269
591676;76
591677;142
592142;203
592203;227
592808;87
592813;70
593927;278
594282;133
594802;172
595005;32
595012;38
596225;80
596519;156
598524;29
599869;75
601051;48
601988;68
602111;105
603128;212
605272;94
608444;126
609066;191
610625;184
613855;247
615017;186
615488;97
615554;280
616179;208
621703;180
621864;256
626696;226
626710;126
626884;189
626952;7
627407;126
629836;88
630051;44
630544;102
630598;141
630814;203
631647;231
634127;204
635965;244
639681;55
639862;235
641344;203
645969;128
647568;70
647583;165
650621;112
651024;215
652027;93
652771;281
652937;102
653217;150
655842;172
655858;142
659204;76
661269;263
661302;31
663252;97
663340;21
664774;203
667214;94
667282;79
671808;40
672952;279
675557;109
675627;102
677058;133
677207;31
677211;156
677871;279
681430;186
687119;121
687252;25
687394;22
687595;226
687661;268
688532;14
688608;126
688618;179
689880;266
690391;76
690393;142
693990;79
693996;221
694002;227
694003;183
694513;116
696035;136
699347;156
700769;186
701366;256
703466;239
704643;94
704709;94
705263;203
707406;186
707508;133
707630;48
707862;186
708436;253
708993;223
710562;101
710779;23
710798;25
711861;21
712358;79
712570;22
712652;212
713014;203
713463;68
713528;22
715825;266
716215;126
716710;126
717594;64
718222;142
718370;76
718556;48
719020;203
720351;25
722091;112
722707;186
722787;70
722803;165
722962;93
723015;9
726613;40
727917;80
728134;146
728597;204
728615;142
728941;80
732594;259
735684;126
736918;105
737394;263
739717;190
740265;268
740847;116
742570;156
743572;203
744426;137
748230;225
748561;137
748672;179
750049;23
750068;25
752361;133
752461;18
753911;99
754493;228
754758;31
755540;55
760257;23
763245;50
765970;235
766401;218
780767;169
780829;197
782376;113
782633;66
782859;225
782887;268
783141;104
784435;190
786880;21
787793;105
789384;56
791495;92
791550;270
796211;218
799491;196
804975;67
805361;97
807953;21
818917;231
819199;59
830674;69
830675;164
835791;105
835813;180
837433;83
842627;87
859889;172
869645;266
870544;10
871401;20
871404;123
876370;106
876382;276
885821;180
902089;179
915820;216
924694;97
934836;68
941929;172
942081;20
943648;62
945085;97
953670;55
953672;212
953753;156
953766;133
961013;87
961325;242
962051;49
962191;70
963403;178
964582;129
965867;272
965868;156
965872;31
966048;9
966050;93
966204;75
966990;56
967683;22
967889;78
968476;112
969368;50
969503;262
969571;242
971428;178
972333;152
972764;36
973109;244
974345;68
974458;223
975980;62
980927;142
982841;118
982897;95
983363;243
984296;54
985979;56
987378;186
987920;112
988015;20
990892;64
996256;15
996342;187
996505;146
996580;275
996585;172
996945;211
997888;259
998126;179
998375;191
1000316;268
1000629;239
1001214;76
1001519;197
1001788;97
1001792;128
1001824;253
1004706;180
1014876;156
1015450;212
1016112;225
1025446;248
1038217;48
1038247;93
1038483;25
1038508;142
1038509;76
1038603;29
1039632;156
1039649;93
1039845;105
1040055;268
1040208;80
1040520;137
1040521;233
