462;36
1286;48
1290;9
2485;156
2495;116
2503;182
2580;178
2838;93
2842;9
4936;178
5226;70
6127;112
6786;48
7409;38
7412;9
7917;9
8745;211
8921;186
10082;118
10420;225
10452;116
10741;178
10770;191
10930;170
11242;183
11350;120
11605;87
11753;9
11936;112
12272;204
12301;112
12304;186
12670;179
12680;55
13078;9
14130;212
14249;176
15014;146
15532;145
15625;236
16076;222
16873;63
16973;186
16977;246
17197;242
17241;48
17852;116
18077;273
18157;260
18831;18
19172;260
20701;212
20893;32
20938;186
21428;112
21489;183
21897;179
22404;152
22474;128
23448;31
23483;156
23702;254
24101;130
24279;260
24283;149
25026;242
25155;69
25227;191
25429;211
25631;156
26156;242
26203;112
26506;18
26622;266
26687;19
27888;246
28265;191
28660;156
29945;183
30605;31
30621;128
30979;246
31158;48
34326;28
34794;133
36244;184
37775;95
38346;251
38767;48
39689;178
39749;70
40462;282
41499;112
41669;8
41931;40
42081;76
42269;212
42746;87
43451;244
43580;56
43585;62
44037;29
44162;48
45057;16
45279;18
45981;83
46295;105
46440;179
46860;48
47082;178
47476;127
48982;232
49629;38
49946;212
50040;64
50301;80
50603;206
50654;64
50950;186
50979;183
52805;161
53070;198
53262;51
53306;211
53930;260
54750;53
55230;33
55499;120
55833;212
56018;183
56027;72
56074;5
56509;260
57035;228
57873;80
58849;80
59581;178
60295;19
61033;93
61042;48
61667;93
62264;162
63204;20
64061;215
64721;105
64804;144
65072;93
65094;186
65520;40
65796;235
66239;187
66717;233
66847;36
67079;61
67610;25
67651;203
68331;223
68697;93
68779;31
68781;156
69374;242
69807;112
70539;24
70835;84
70843;142
71633;178
72731;93
72742;48
72884;33
73036;105
73811;142
74808;4
74972;29
75197;80
75374;112
76254;270
76685;246
76855;126
76899;179
76945;33
77789;19
77804;60
78297;178
78578;248
78798;40
80195;260
80340;107
80867;95
83783;245
85391;242
88359;67
89075;75
89148;16
89342;145
91010;94
91032;31
91507;260
91739;109
94426;121
94465;40
94490;179
94629;123
94924;98
95547;53
95561;226
95643;121
96034;53
97641;117
98016;23
98411;20
99119;62
100129;48
100574;242
100715;111
100990;156
100991;31
101039;224
102090;1
102663;38
102983;64
103058;8
103916;53
105355;51
105641;197
107716;38
107990;93
109481;95
110052;4
110084;95
110250;42
111036;132
111050;262
111244;60
111525;227
111532;183
112082;76
113813;235
114826;268
114943;44
115044;142
115520;200
115679;112
116550;64
117271;155
117492;179
117504;213
118257;189
118521;171
118847;203
120742;21
120925;103
121224;76
121663;156
122012;144
122995;48
123303;40
123463;244
124450;225
125622;179
126977;116
128855;29
129001;76
129865;54
130445;191
132045;221
132551;22
132974;246
133806;55
134791;215
135657;2
135965;80
137719;40
138295;272
138400;126
138512;38
138514;263
139777;149
140994;115
142075;116
142275;171
142746;8
142907;212
144134;40
144233;163
144290;80
144487;9
145029;93
145409;114
145617;133
147136;117
147364;76
148487;55
149664;142
150669;7
150695;112
151669;205
151676;220
152074;23
152687;25
153825;248
155916;215
157279;248
158039;40
158658;179
162173;105
163106;216
163304;256
164325;167
164740;246
165584;242
167175;80
167303;201
167810;88
168995;247
171195;234
171827;184
172569;278
173153;231
173402;248
173574;120
174159;144
174372;4
175157;216
175166;116
175403;187
175577;203
175647;163
176314;138
176727;116
182202;216
184335;254
185177;180
185357;9
186813;216
187424;148
188102;152
189480;161
189481;280
190699;177
190951;90
191014;123
191515;20
192282;80
193210;127
194658;4
196469;168
197268;172
197878;184
197885;205
198114;98
198477;278
198675;229
198963;172
199200;39
202225;48
203712;248
203848;212
204735;259
205370;130
205901;88
206959;223
207046;253
207102;80
207364;220
207399;203
208019;245
208427;16
208463;68
209414;162
210191;189
210611;230
212154;125
212309;233
212349;93
212708;107
213800;130
215363;268
215633;225
216549;22
216613;204
216692;177
216700;184
216840;94
217883;142
218565;281
219671;75
219975;255
220265;126
220538;87
222326;197
223054;278
225112;23
225937;203
227113;18
227256;25
229484;80
229680;114
230295;199
231417;230
232809;12
233705;104
233807;51
235056;244
235191;54
236378;130
237659;94
240803;135
241802;261
241919;80
242218;258
242428;161
242448;127
243062;152
243406;15
244121;204
244297;70
247637;181
247998;206
248350;62
248359;21
248998;90
250060;142
250281;56
250520;244
251967;177
252890;137
253737;130
253825;263
254040;95
255261;116
256099;282
256868;250
257651;233
257812;124
257950;137
258023;273
258450;190
258727;178
259565;20
259751;266
259758;10
259766;98
260189;180
260564;203
261291;248
261768;77
261854;191
262225;183
262621;22
263027;119
263127;222
263788;207
264062;33
264718;143
265805;222
266437;162
267437;187
268516;33
269041;157
269633;21
269656;172
271943;90
272681;181
272810;123
272947;98
273452;72
273902;195
274726;20
276439;162
280138;49
281213;77
282542;68
283643;170
285523;223
286658;263
289449;129
290529;240
290850;133
291291;25
291293;23
294157;15
294570;29
296733;62
297123;83
297714;18
297887;279
299279;132
301364;62
303846;81
304231;142
306401;12
307902;278
308466;178
310148;62
310851;231
312106;97
312433;156
312486;31
313595;9
314131;244
315637;116
316222;192
316228;63
316337;214
322302;128
322893;36
325869;54
325870;239
328544;163
328636;102
333524;133
334542;88
335726;114
336020;24
337245;25
338453;278
338970;76
341736;39
342283;195
342288;59
343623;96
344207;102
344633;61
345407;267
345414;179
345477;63
346787;93
348446;266
349828;181
349946;234
350248;81
351100;229
352728;257
353113;276
357096;276
359951;138
362028;206
363888;202
364185;180
364302;197
365357;156
367353;148
368267;181
371706;156
375046;272
378615;52
380098;62
386815;133
387569;20
388445;59
388647;277
388919;54
395611;168
395695;83
396658;233
397548;54
398418;230
406048;118
407498;185
408773;14
412016;223
413459;144
413610;132
417323;25
421199;112
422704;28
424494;150
424508;219
426072;145
427643;2
428996;27
429338;167
429476;84
429939;133
430516;181
433371;190
435201;14
435439;186
435942;124
437545;59
438773;48
441188;56
445305;278
446741;40
446883;20
447420;170
449574;116
449631;272
449685;247
450008;15
450787;269
450898;123
451949;242
452404;9
453299;194
454998;126
455216;215
455321;256
455411;240
457716;179
459331;9
460562;23
462851;154
463855;270
465447;55
472025;219
474456;90
476643;54
480764;25
480827;239
481128;48
481218;70
482343;212
482896;266
485176;174
485187;103
485561;121
486650;143
486688;188
486798;15
487028;242
488966;64
489061;32
490311;178
492451;266
492604;18
492766;266
493283;130
493983;22
495606;280
496340;128
498344;67
498888;178
501025;227
501518;186
501523;112
504417;76
504598;104
505174;74
507269;48
508314;70
508486;9
510373;172
513637;235
516992;182
519208;31
519852;191
524672;137
524814;23
524819;179
526109;112
527735;32
527905;152
528462;94
528648;172
531145;75
531648;10
531732;190
532736;18
534897;25
535510;165
535634;80
536982;266
538968;87
539542;48
541486;55
549132;190
550158;23
552072;36
552629;10
553560;187
556499;203
556886;168
557864;18
557991;98
559065;156
559368;31
561115;172
563365;239
563831;114
565700;116
565807;186
566594;67
566698;5
567233;15
567990;133
568460;179
569154;64
569826;169
571225;172
572112;187
574876;33
575198;197
578166;76
578504;212
578886;214
579434;281
579462;270
579483;14
580321;63
581654;222
582000;93
582057;16
582421;40
582899;241
583583;165
583588;101
584285;174
587360;183
587855;212
587897;145
589337;269
592203;227
592808;87
592813;70
594282;133
594802;172
595005;32
596116;203
596225;80
596321;74
598306;225
598537;48
599699;263
600401;112
601051;48
602111;105
603128;212
605090;212
605272;94
607899;15
608444;126
609066;191
609301;251
610625;184
610898;70
614515;150
615488;97
615787;216
616179;208
617112;129
617608;186
621305;59
621703;180
621864;256
622172;80
622815;53
625290;176
625970;197
626054;62
626710;126
626884;189
626952;7
627407;126
629286;268
629836;88
630051;44
630087;32
630595;128
630814;203
631313;32
633946;40
634127;204
635965;244
639681;55
640374;267
641344;203
645967;97
645969;128
650621;112
650722;186
652531;201
652937;102
653205;115
655842;172
658828;4
661302;31
661304;156
663252;97
667214;94
667282;79
667434;221
675557;109
675627;102
677211;156
677871;279
681430;186
686688;83
687252;25
687394;22
687595;226
687601;279
687661;268
688454;197
688608;126
689880;266
690103;133
690391;76
690393;142
690617;94
693996;221
694002;227
694276;134
696035;136
698335;216
699347;156
701366;256
703466;239
704122;195
704643;94
704709;94
707261;70
707630;48
708436;253
708993;223
710283;104
710562;101
710779;23
710983;179
712358;79
712570;22
712652;212
712841;105
713528;22
716215;126
716624;187
716710;126
716878;133
717594;64
718143;204
718222;142
718370;76
718965;70
720327;23
720351;25
721916;18
722707;186
722803;165
722962;93
725519;64
726394;116
726613;40
727751;118
728134;146
728854;248
728941;80
731581;112
732594;259
732690;181
735684;126
735736;223
737394;263
739310;223
739717;190
740256;99
740265;268
742570;156
743572;203
748233;268
748234;233
748561;137
748672;179
749251;116
750068;25
752461;18
753644;208
753911;99
753926;268
754072;149
754493;228
754758;31
760257;23
762626;212
763245;50
764751;228
765861;187
765970;235
766401;218
773721;74
779832;62
780767;169
780829;197
782376;113
782402;228
782887;268
782929;99
783141;104
783171;44
784435;190
786880;21
787793;105
789301;97
789384;56
791550;270
791552;224
791556;66
796211;218
799491;196
804975;67
804989;44
805361;97
818917;231
823668;208
834979;10
835813;180
837433;83
838574;152
842627;87
843761;127
859889;172
869645;266
869659;212
871404;123
876370;106
882088;222
885821;180
886689;213
924694;97
934836;68
941929;172
942081;20
945085;97
948795;40
953672;212
953753;156
953766;133
961013;87
961018;70
961325;242
962127;266
962191;70
962793;38
963403;178
964582;129
965868;156
965872;31
966027;48
966178;9
966204;75
967683;22
967731;254
967856;107
967889;78
968417;246
968476;112
969368;50
969503;262
971428;178
972333;152
974458;223
979459;105
982841;118
982897;95
983363;243
984295;59
986752;277
987378;186
987920;112
990892;64
996505;146
996580;275
996945;211
997886;124
998032;80
998126;179
998375;191
998414;222
998435;220
1000316;268
1000503;213
1000595;203
1000629;239
1000899;25
1001214;76
1001519;197
1001788;97
1001792;128
1001824;253
1003443;186
1005721;31
1012632;164
1014876;156
1015450;212
1015455;282
1015915;126
1016112;225
1038217;48
1038248;38
1038483;25
1038509;76
1038603;29
1039410;48
1039459;225
1039500;203
1039649;93
1039845;105
1040208;80
1040520;137
1040521;233
1040676;15
