116;1699
1290;1570
1300;2238
2495;202
2503;245
2842;1618
4376;1513
4936;574
5226;1842
6127;929
6152;1490
6786;2760
7412;1697
7917;1698
8921;279
8941;119
8967;12
9639;19
10082;699
10452;218
10741;545
10930;199
10931;199
11242;340
11350;1553
11368;1299
12594;1799
12662;69
12670;49
12680;39
13078;1699
13123;199
15014;123
15532;239
15625;228
16076;278
16193;340
16873;8
16973;368
16977;1613
17016;55
17197;2799
17198;1499
17241;2887
17358;2278
17852;205
17909;18
18068;140
18077;42
18157;1217
19058;30
19064;39
20938;299
21002;1308
21428;1099
21897;62
22404;5999
22473;169
23174;20
23448;236
23699;706
24204;1324
24283;1399
24842;790
25026;2699
25227;10
25429;1975
25629;238
26079;1299
26085;1999
26156;2513
26203;1079
26506;1150
26622;44
26680;539
26900;1463
28265;10
28660;221
30605;227
30979;1679
31158;2760
31777;121
31988;226
32560;1559
36170;200
37565;188
37775;29
38255;2099
38346;971
38350;560
38384;1210
38767;2921
39504;319
39749;1842
39769;14
40238;200
41279;42
41499;1143
41931;231
42077;478
42269;148
42746;2400
43451;653
43512;35
43563;149
44037;1972
44162;2849
45057;349
45279;1207
45377;981
45981;132
46295;75
46440;56
46860;2775
47082;504
47126;25
47289;316
47476;141
48490;576
48982;19
49239;72
49629;856
49946;149
50040;316
50654;342
52206;547
52223;75
52883;15
53070;275
53262;35
53306;2007
53358;313
54568;1179
54750;238
55230;45
55803;45
55833;158
56018;322
56020;273
56027;8
56074;64
56897;982
57035;269
57822;199
57873;59
58849;78
58925;292
60255;53
61042;2999
62264;75
63204;41
63242;159
63255;199
63867;535
64061;80
64721;86
64804;7
65072;1329
65171;221
65520;195
65796;49
66316;491
66717;190
66847;1333
66907;485
67079;18
67589;71
67651;162
67695;66
67697;80
67846;55
67948;272
68695;799
68697;1348
68779;224
68952;185
69411;47
69807;940
70443;1362
70480;2598
70539;33
70843;520
71125;1728
71633;514
71875;182
72009;8999
72731;1499
72884;20
73036;78
73820;330
74642;49
74972;1999
75197;51
75200;73
75374;997
75531;293
75722;258
76163;699
76254;54
76696;1099
76945;29
77809;549
78798;209
78954;1749
80340;445
81290;2233
82989;1399
85447;9456
86372;8999
86543;17
87079;54
87909;1999
88359;616
89075;8999
89342;279
89753;1449
91179;135
91507;1299
91739;24
91862;629
94426;18
94465;199
94490;52
94629;54
94924;56
95123;317
95547;229
95643;19
96034;199
98016;54
98312;1799
98434;111
99588;1241
99595;70
99913;19
100574;2599
100715;647
100990;204
100991;234
101039;11
101499;125
101520;46
101775;37
101866;64
105355;27
105641;514
106904;998
109481;28
109864;10
109964;2849
110052;16
110181;142
110250;2999
110949;10
111036;699
111243;549
111244;399
111525;239
111532;299
113813;28
115044;509
115650;1729
116550;365
117492;64
117504;75
118257;167
118521;1399
119172;303
120742;200
121224;277
122012;24
123256;488
123303;213
123992;36
124194;61
124286;170
124450;284
124911;269
126360;331
126977;200
128004;59
128855;1988
129001;256
129220;1249
129794;9
129865;30
130445;8
130807;699
131509;149
132045;165
132046;141
133804;18
133806;51
134791;75
135161;13
135657;30
137719;215
138295;223
138400;532
138514;31
139777;1399
140901;365
142275;1736
142746;69
142907;132
144196;264
144290;47
144482;2213
145028;2984
145617;44
147136;269
147364;299
149664;527
150695;979
151697;649
152074;69
153825;69
155553;55
156039;79
157279;73
158039;224
158389;75
159634;31
159737;2327
162173;61
163304;39
164325;192
165584;2699
165809;69
167175;47
167283;71
167303;24
167810;33
168995;2016
169073;24
171195;59
171926;304
172569;21
172620;261
173574;1998
174097;389
174159;25
176335;1041
176727;241
179927;1191
182202;36
184335;6887
185357;1699
187424;60
187467;63
188102;5090
189480;20
189481;41
189927;113
190951;1366
191014;62
191515;39
192282;70
193210;159
196469;31
197268;124
197806;35
197885;99
198114;54
198477;17
198675;34
198909;42
198963;105
199200;42
200269;10
202225;2890
203779;11
203848;168
204735;533
205370;34
205901;44
207364;149
207383;72
207399;155
208019;48
208427;408
208463;240
208968;1115
209792;20
210191;158
210611;20
212154;15
212195;43
212349;1899
212492;249
212708;449
213800;23
215633;262
216549;6
216692;99
216975;233
217883;476
219671;8999
219975;39
220265;512
220538;2399
222326;443
222822;878
223742;17
224304;20
225112;56
225937;129
227113;1199
227631;703
229680;1182
230668;135
231417;27
233207;124
233705;152
233807;34
236378;35
239426;699
240803;356
240950;78
241802;249
241919;59
242070;258
242428;34
242448;169
242831;8999
243062;4499
243406;373
244294;2299
244297;1999
244982;40
248359;199
248998;1225
249601;1219
249768;141
250048;59
250060;529
250520;668
251919;2128
252889;246
252890;246
253295;285
253737;28
253788;10
255261;191
255440;11
256099;243
256868;2124
257651;273
257809;129
257812;394
257950;273
258023;44
258450;125
258618;126
258727;699
259565;45
259751;38
259758;45
260189;48
260561;417
261768;45
262124;115
262174;61
262224;184
262225;281
262621;5
263027;22
263032;10
263127;256
264593;1136
264718;223
265718;36
266437;71
267437;9
268516;24
269041;28
269633;168
273001;99
273452;10
273902;205
274726;36
280138;2129
281325;58
283643;200
287443;524
289449;59
289682;254
289989;458
290850;45
291291;67
294781;54
296733;43
297123;129
299279;899
300567;213
303846;35
304231;506
304869;59
304946;63
307902;24
308456;249
308466;700
311978;512
314131;744
316228;8
316337;20
316428;538
319154;159
320383;423
323422;1299
323917;9
324528;24
325869;35
325870;250
328558;70
328636;37
328862;15
334308;1620
334542;65
336020;20
337116;46
337245;73
338387;58
339204;65
341801;1399
342288;45
342289;65
344207;52
345255;21
345407;15
345414;56
345474;11
345477;11
345687;1037
345942;27
346484;899
346787;1899
348446;59
350248;21
352745;66
353244;155
356330;19
359951;1344
362028;14
364185;44
364302;511
364780;267
365357;249
365916;17
371706;199
375046;381
377256;20
377947;53
378615;96
378777;249
380098;50
382489;14
386060;903
387088;43
388445;37
388647;999
388919;29
390331;77
394443;8
395611;28
396432;20
396658;273
397498;147
397548;31
397553;105
398418;24
404446;15
406045;199
407498;30
408773;14
409463;262
409656;1319
412016;1497
412194;326
414266;291
414993;19
415953;50
421199;1129
421700;969
422917;36
423587;1230
424131;115
424291;59
424494;35
424508;12
426072;249
427092;1769
428996;36
429338;179
429939;44
432597;164
434959;190
435439;335
435942;376
437545;45
438488;899
441188;19
444046;1120
444498;30
444799;89
445452;1298
446741;194
446883;44
449154;29
449574;197
449631;200
450199;50
452404;1565
453299;3
453888;19
455216;116
455321;43
455411;60
463991;1422
465447;49
475385;38
476643;37
478880;370
480764;71
480827;195
481218;1899
482343;143
482348;19
482896;45
482989;13
485176;89
485187;21
485561;31
486688;57
486798;553
487028;2312
489072;62
492451;44
492604;1039
492766;47
493983;3
495502;35
495606;36
497804;242
498337;273
498344;648
498888;542
501025;187
501518;313
501523;1025
504598;147
504682;967
505380;1847
506808;238
508486;1382
514312;206
515366;570
519208;253
522490;71
524288;1699
524814;53
524914;43
526109;1149
527735;19
527905;5266
528628;235
531027;153
531503;1954
531648;39
531732;109
531904;49
532736;1085
534897;75
535510;39
535513;37
541486;38
546848;55
550158;65
550650;213
552280;248
552629;43
552645;24
553867;612
556499;145
556886;37
557675;36
557682;37
557991;59
561115;120
561771;160
563507;997
564088;418
564602;328
565700;234
566698;53
567233;349
567990;42
568460;57
570654;32
570736;233
572112;6
574876;24
575198;482
577870;13
578166;320
578886;20
579434;29
579462;78
579483;16
580001;215
580511;32
581654;263
581795;30
582000;1675
582899;75
584285;89
587360;261
587855;142
587897;227
588547;17
588568;1539
589337;18
591063;274
591676;319
592813;1749
593927;22
594802;101
595005;27
596072;151
596225;79
596929;4939
598306;253
598524;1899
599699;27
599869;9899
601037;1620
601988;206
602111;65
603128;148
604347;10
605090;150
605272;129
607357;470
609066;13
610625;135
610898;1685
613855;2099
614515;40
615488;170
616179;11
616912;978
617112;53
617608;437
621305;39
621703;39
621864;39
622172;76
623745;488
625290;22
626696;39
626710;491
626884;207
626952;40
629314;231
629836;37
630544;47
630598;71
630814;127
633946;210
634127;56
635965;667
639681;40
639697;8
640210;604
640374;14
641573;11
645969;138
649822;323
650722;305
651894;5578
652027;1616
652531;39
652739;112
653205;50
653217;52
655858;487
658828;13
661269;26
661304;202
663252;144
663340;173
664774;141
665085;118
667282;168
675771;19
677207;249
677211;212
677871;29
677877;44
681430;318
686688;115
687119;23
687252;80
687394;2
687595;46
688454;540
690391;301
693990;166
694002;195
694513;201
695280;30
696035;13
701366;42
704709;97
705263;133
707862;317
708146;955
708436;19
710283;154
710562;27
710798;67
710983;63
711861;181
712358;160
712364;177
712570;2
714994;1665
716215;484
716624;8
716878;41
717594;323
718143;55
718222;478
718370;331
718556;2751
718981;37
719125;217
719150;42
720327;50
720351;67
722091;919
722707;305
722803;37
722962;1616
723264;160
725519;326
726394;192
726613;209
727917;68
728134;111
728615;460
728941;59
735736;1195
738282;208
738328;49
739310;1149
740256;35
740265;240
740847;215
741154;214
743046;59
743309;26
743572;145
744250;205
744423;225
744426;225
745312;1239
748230;264
748233;275
748234;208
748561;208
748672;71
748950;57
749251;199
750049;51
750068;65
750961;229
751697;239
752461;1252
753639;29
753644;7
753926;231
754072;1279
757839;40
760257;61
762626;149
764751;278
765861;9
765970;31
766047;12
766401;50
773721;19
773790;31
779832;45
780767;450
780829;651
782376;1356
782402;266
782633;13
782887;243
782929;34
783141;208
786880;169
789301;154
789384;16
791550;60
799491;17
804975;643
804989;243
805361;147
805465;146
807575;138
807953;173
823668;6
830675;876
835791;63
835813;37
859889;109
869645;43
870544;38
871401;38
871404;54
902089;62
915820;37
924694;143
934836;214
941929;95
942081;34
945085;179
948795;202
953672;134
953750;214
953753;201
953763;55
953794;17
961002;2776
961018;1799
962051;3017
962191;1789
962793;748
963403;548
964582;52
965868;233
965872;255
966178;1395
966990;59
967683;9
967856;440
967889;699
968417;1729
968476;999
969503;6999
969571;2259
971634;173
972333;5578
972764;1341
974458;1650
975980;40
980170;1639
980927;478
982841;607
982897;25
983363;376
984295;45
984296;34
985849;201
985979;22
987920;978
988015;35
990386;42
990892;349
996505;121
996580;114
997886;338
997888;461
998126;77
998435;156
999665;119
1000899;76
1001214;245
1001788;138
1001824;25
1003443;378
1005721;238
1012631;404
1015450;242
1016112;266
1032676;53
1038084;1320
1038247;1620
1038483;94
1038508;631
1038509;437
1039410;3581
1039459;340
1039632;265
1039845;94
1040055;363
1040521;296
1040676;447
