116;1699
462;1375
1665;212
2485;203
2495;202
2580;517
4376;1513
4936;574
5226;1842
6127;929
6152;1490
6786;2760
7331;672
7409;898
7412;1697
8941;119
9542;174
9639;19
10082;699
10420;289
10452;218
10770;11
10930;199
11056;215
11242;340
11605;2449
12304;321
12594;1799
12662;69
13451;497
14130;139
14326;137
15014;123
15063;44
15625;228
15883;1701
16193;340
16873;8
16973;368
16977;1613
17198;1499
17241;2887
17909;18
18077;42
19058;30
19165;3106
19172;1284
20938;299
21002;1308
21414;227
21428;1099
21489;249
22404;5999
22474;159
23448;236
24101;31
24204;1324
24279;1499
24878;269
25227;10
25429;1975
25629;238
25631;213
26079;1299
26156;2513
26203;1079
26506;1150
26680;539
27888;1696
29945;253
30011;1399
31777;121
32560;1559
34794;39
35719;2770
36156;233
36170;200
36244;159
37775;29
38255;2099
38346;971
38350;560
38767;2921
39504;319
39749;1842
39769;14
40462;285
41279;42
42269;148
42746;2400
43451;653
43512;35
43580;21
43585;54
44037;1972
44119;490
45279;1207
46295;75
46440;56
46582;193
46860;2775
47082;504
47289;316
47476;141
48490;576
49239;72
49629;856
49946;149
50040;316
50179;184
50301;47
50597;1319
50603;12
50654;342
50950;289
51474;52
52206;547
52883;15
53070;275
53262;35
53306;2007
53930;1392
53986;696
54750;238
55230;45
55499;2071
55803;45
56020;273
56027;8
56074;64
56509;1299
56897;982
57035;269
57822;199
58925;292
59581;699
61042;2999
62658;81
63204;41
63242;159
63867;535
64061;80
64248;64
64721;86
64804;7
65171;221
65330;249
65520;195
65706;1202
65766;60
65796;49
66239;11
66721;190
66847;1333
67697;80
67846;55
67948;272
68695;799
68779;224
68781;197
69374;2799
69580;249
69807;940
70480;2598
70539;33
70843;520
71633;514
71875;182
72731;1499
72884;20
73820;330
74972;1999
75374;997
75524;1189
75531;293
75649;1399
75722;258
76254;54
76855;524
76899;65
76945;29
77789;659
77809;549
78297;634
78721;155
80340;445
80867;29
81290;2233
85391;2317
86372;8999
86543;17
89148;373
89342;279
89755;969
91010;112
91032;209
91507;1299
91540;189
94426;18
94465;199
94629;54
95123;317
95561;49
95643;19
96034;199
97641;297
98016;54
98312;1799
98411;40
98434;111
98690;14
99119;72
99594;57
100574;2599
100715;647
100990;204
100991;234
101039;11
101498;63
101520;46
101866;64
102090;1349
103916;199
105641;514
106553;267
106904;998
108111;1246
109481;28
109864;10
109964;2849
110181;142
110250;2999
111036;699
111050;9699
111525;239
111532;299
112082;231
113299;11
113813;28
114826;263
114943;241
115044;509
115520;949
115650;1729
116550;365
117271;1218
118257;167
118521;1399
118847;144
119172;303
121224;277
122995;2744
123992;36
124286;170
124450;284
124911;269
125622;76
125766;1619
128004;59
128618;1751
128855;1988
129001;256
129220;1249
129794;9
129865;30
130445;8
130651;17
130807;699
130831;299
132045;165
132046;141
133804;18
134791;75
135161;13
135623;207
135965;39
138295;223
141207;739
142075;205
142746;69
144134;199
144233;35
145028;2984
145409;1167
147193;535
147364;299
149664;527
150695;979
151676;93
152065;36
152074;69
152687;75
156039;79
157279;73
159634;31
160714;139
162173;61
163106;24
163304;39
164325;192
164740;1569
165584;2699
167175;47
167283;71
167810;33
168995;2016
169073;24
170291;39
172569;21
173574;1998
174097;389
174372;21
175166;209
175403;10
175577;121
175647;39
176314;1138
176766;52
177113;30
179927;1191
182202;36
184550;1261
185348;2799
185357;1699
186605;49
187424;60
187456;23
188716;199
189481;41
190699;99
192282;70
197268;124
197878;149
198191;1206
198675;34
198963;105
200269;10
201384;293
202225;2890
202329;44
203338;475
203712;86
203779;11
203848;168
205901;44
206816;3568
207102;59
207364;149
208148;131
208463;240
209414;89
209792;20
210191;158
210611;20
210960;490
212195;43
212309;193
212349;1899
212492;249
212708;449
213800;23
214254;44
215363;241
216549;6
216692;99
218565;34
219639;189
219671;8999
220265;512
220538;2399
220932;135
222326;443
222329;1666
222822;878
223054;17
223742;17
223807;468
224304;20
224441;69
225112;56
225937;129
227256;75
227382;5999
229503;1251
229680;1182
230295;12
230566;45
230668;135
231417;27
232809;40
233598;11
233705;152
233807;34
234368;47
235191;35
236378;35
237009;38
239426;699
240803;356
240950;78
241802;249
242070;258
242218;47
242428;34
242831;8999
243062;4499
244294;2299
247637;58
248359;199
249347;29
249601;1219
249768;141
250048;59
250060;529
250281;20
250520;668
251967;62
252889;246
252890;246
253295;285
253737;28
253793;172
253825;29
254040;26
256099;243
257809;129
258023;44
258727;699
259553;127
259561;53
259565;45
259758;45
259766;59
260189;48
260564;149
261768;45
262124;115
262174;61
262224;184
262225;281
262292;281
262621;5
263032;10
263127;256
263788;59
264718;223
266437;71
269041;28
269566;48
269633;168
269656;92
272810;52
273001;99
273902;205
274281;194
274726;36
280138;2129
281213;38
281325;58
282542;216
286658;32
289682;254
290529;59
290850;45
291293;50
294570;1935
294777;381
297123;129
297714;1097
297887;34
297973;18
299279;899
300567;213
301364;49
304231;506
304942;62
306401;39
307896;39
308456;249
308466;700
310148;50
312433;238
313595;1649
314131;744
315637;215
316228;8
316310;29
316337;20
316428;538
320383;423
322302;159
322893;1404
325869;35
325870;250
327856;32
328544;33
328558;70
328630;14
334308;1620
334542;65
335726;1266
337116;46
338387;58
338453;20
339204;65
341801;1399
342283;239
342288;45
342289;65
343623;20
344633;26
344636;29
345255;21
345477;11
345687;1037
346484;899
346787;1899
346828;26
348446;59
349828;60
349946;82
350248;21
351100;44
352745;66
353113;69
357096;59
359859;1585
362028;14
364185;44
364780;267
365357;249
365916;17
366420;122
367353;103
367561;343
371706;199
374896;58
377067;20
380098;50
386008;35
386815;36
387088;43
387569;34
388445;37
388647;999
390331;77
390607;42
394443;8
395695;119
396432;20
396659;273
397498;147
397548;31
397553;105
398418;24
405807;42
406045;199
409463;262
409656;1319
412016;1497
413459;24
414266;291
415953;50
421199;1129
422704;139
423587;1230
424131;115
424291;59
424494;35
425426;2
426072;249
427092;1769
429476;220
429939;44
430516;55
432597;164
434193;567
434912;23
435439;335
435942;376
438486;1899
443049;255
444497;25
444498;30
444799;89
445305;17
445775;2689
447420;199
449154;29
449574;197
449631;200
449685;1709
450199;50
450729;8549
450787;17
451953;292
452404;1565
453299;3
453888;19
454843;342
454998;473
455411;60
456516;78
457716;56
460562;69
462851;19
463855;69
465447;49
468522;269
472025;17
475385;38
476643;37
478880;370
480827;195
481128;2811
482343;143
482348;19
482896;45
482989;13
485176;89
485187;21
485561;31
486650;165
486688;57
486717;34
486798;553
489061;41
490311;495
492451;44
492604;1039
493367;40
493983;3
496635;187
497804;242
497891;62
498337;273
498344;648
498888;542
501025;187
501518;313
504417;365
504598;147
504630;65
504653;27
504682;967
507276;1686
508486;1382
510373;113
514312;206
515366;570
516992;248
519852;13
521601;40
522490;71
522855;175
522893;39
524125;226
524814;53
524819;59
526109;1149
527905;5266
528462;93
528648;108
528714;509
531027;153
531648;39
534897;75
535510;39
535513;37
535634;62
536141;7100
536251;198
536982;43
539208;2377
539542;2841
549132;123
550158;65
552072;1274
553560;6
553867;612
555331;53
556499;145
557682;37
557864;1199
558558;33
559065;224
559368;252
563507;997
563831;1187
564088;418
565700;234
565807;330
566594;721
566633;59
566698;53
567990;42
568433;206
568460;57
570736;233
571225;102
574876;24
575198;482
575333;43
575510;20
578504;132
578886;20
579434;29
579462;78
579483;16
580001;215
580321;9
580439;57
580511;32
581654;263
581795;30
582000;1675
582057;363
582372;2890
582448;690
582755;450
583588;30
587855;142
587897;227
588547;17
589337;18
591063;274
591677;500
592142;127
592203;186
593927;22
594282;41
594802;101
596072;151
596116;142
598524;1899
598537;2849
599699;27
599881;2199
601051;2899
603128;148
604347;10
605090;150
607899;329
608444;521
609066;13
610417;59
610625;135
613855;2099
614515;40
615017;373
615787;41
616912;978
622815;198
625970;482
626054;49
626710;491
626884;207
627407;496
628538;2035
629836;37
630510;129
633946;210
634127;56
639681;40
639697;8
640210;604
640374;14
641344;127
641573;11
645969;138
647568;1818
647583;37
650722;305
651024;80
651901;2139
652937;37
653217;52
655842;101
656160;37
659204;382
661304;202
663340;173
664774;141
665085;118
667214;108
667282;168
671808;234
672952;29
675557;19
675771;19
677211;212
677871;29
677877;44
681430;318
683562;29
686688;115
687252;80
687394;2
687595;46
687661;220
688454;540
688532;19
689880;44
690617;102
693990;166
693996;185
694003;235
694276;37
694513;201
694575;368
699347;214
700769;444
701366;42
703466;199
704122;204
705263;133
707261;1891
707406;305
707508;41
707630;2760
707862;317
708436;19
710283;154
711861;181
712404;24
712652;136
713014;128
713336;39
713528;2
714994;1665
715825;41
716710;500
716878;41
717594;323
718143;55
718370;331
718388;62
718556;2751
719150;42
720351;67
722091;919
722707;305
722787;1818
722803;37
723015;1675
723264;160
723270;178
726613;209
727751;538
728597;53
728615;460
728854;79
728941;59
732594;458
732690;50
735684;480
737394;27
738328;49
739310;1149
739717;109
740256;35
740265;240
740847;215
741154;214
741737;1961
742570;213
743572;145
744250;205
744426;225
747532;25
748230;264
748233;275
748234;208
748561;208
748672;71
748950;57
750068;65
750961;229
751697;239
752461;1252
753644;7
753911;34
753926;231
755540;42
757839;40
760257;61
762626;149
764751;278
765861;9
765970;31
766047;12
766401;50
773721;19
779832;45
780767;450
782114;516
782376;1356
782402;266
782633;13
782859;264
782887;243
782929;34
784435;102
786880;169
787793;62
791550;60
791552;16
791556;28
804975;643
805361;147
818917;1054
819199;34
830463;17
830674;484
834979;40
835791;63
838574;5722
840771;252
842627;2182
843761;135
869645;43
871401;38
871404;54
876370;101
882088;259
885821;37
886689;63
915820;37
934836;214
943648;43
948795;202
953766;40
953794;17
961013;2252
961018;1799
961379;7125
962051;3017
962127;38
965868;233
965872;255
966027;2649
966048;1359
966050;1349
966178;1395
966204;7999
966980;49
967683;9
967856;440
968417;1729
969368;242
969550;9297
971428;513
971634;173
972333;5578
972764;1341
973109;709
974345;228
974458;1650
979459;62
982897;25
983363;376
984295;45
987920;978
990892;349
996256;337
996342;11
996505;121
996585;119
996945;2023
997886;338
998126;77
998375;9
998414;290
998435;156
999665;119
1000503;65
1000595;136
1001519;500
1001792;130
1004706;41
1004710;109
1012632;762
1014876;227
1015450;242
1015455;285
1015915;526
1016112;266
1034604;96
1038217;2575
1038247;1620
1038483;94
1038603;2322
1039410;3581
1039500;168
1039632;265
1040055;363
1040208;94
1040520;296
1040521;296
1040676;447
