116;9
462;36
1665;156
2485;156
2495;116
2580;178
4376;9
4936;178
5226;70
6127;112
6152;9
6786;48
7331;67
7409;38
7412;9
8941;249
9542;53
9639;33
10082;118
10420;225
10452;116
10770;191
10930;170
11056;145
11242;183
11605;87
12304;186
12594;120
12662;25
13451;107
14130;212
14326;184
15014;146
15063;266
15625;236
15883;93
16193;76
16873;63
16973;186
16977;246
17198;260
17241;48
17909;269
18077;273
19058;32
19165;242
19172;260
20938;186
21002;36
21414;31
21428;112
21489;183
22404;152
22474;128
23448;31
24101;130
24204;36
24279;260
24878;117
25227;191
25429;211
25629;31
25631;156
26079;36
26156;242
26203;112
26506;18
26680;107
27888;246
29945;183
30011;260
31777;249
32560;93
34794;133
35719;48
36156;272
36170;116
36244;184
37775;95
38255;247
38346;251
38350;111
38767;48
39504;186
39749;70
39769;72
40462;282
41279;263
42269;212
42746;87
43451;244
43512;101
43580;56
43585;62
44037;29
44119;178
45279;18
46295;105
46440;179
46582;137
46860;48
47082;178
47289;15
47476;127
48490;118
49239;179
49629;38
49946;212
50040;64
50179;227
50301;80
50597;36
50603;206
50654;64
50950;186
51474;181
52206;67
52883;269
53070;198
53262;51
53306;211
53930;260
53986;19
54750;53
55230;33
55499;120
55803;266
56020;227
56027;72
56074;5
56509;260
56897;112
57035;228
57822;53
58925;117
59581;178
61042;48
62658;80
63204;20
63242;127
63867;197
64061;215
64248;25
64721;105
64804;144
65171;40
65330;182
65520;40
65706;200
65766;105
65796;235
66239;187
66721;137
66847;36
67697;213
67846;133
67948;225
68695;38
68779;31
68781;156
69374;242
69580;182
69807;112
70480;48
70539;24
70843;142
71633;178
71875;220
72731;93
72884;33
73820;76
74972;29
75374;112
75524;200
75531;117
75649;260
75722;228
76254;270
76855;126
76899;179
76945;33
77789;19
77809;78
78297;178
78721;184
80340;107
80867;95
81290;87
85391;242
86372;75
86543;187
89148;16
89342;145
89755;38
91010;94
91032;31
91507;260
91540;156
94426;121
94465;40
94629;123
95123;186
95561;226
95643;121
96034;53
97641;117
98016;23
98312;9
98411;20
98434;172
98690;14
99119;62
99594;23
100574;242
100715;111
100990;156
100991;31
101039;224
101498;10
101520;180
101866;23
102090;1
103916;53
105641;197
106553;222
106904;112
108111;90
109481;95
109864;187
109964;48
110181;146
110250;42
111036;132
111050;262
111525;227
111532;183
112082;76
113299;214
113813;235
114826;268
114943;44
115044;142
115520;200
115650;246
116550;64
117271;155
118257;189
118521;171
118847;203
119172;268
121224;76
122995;48
123992;165
124286;97
124450;225
124911;222
125622;179
125766;9
128004;129
128618;9
128855;29
129001;76
129220;1
129794;187
129865;54
130445;191
130651;278
130807;178
130831;145
132045;221
132046;79
133804;278
134791;215
135161;4
135623;156
135965;80
138295;272
141207;178
142075;116
142746;8
144134;40
144233;163
145028;48
145409;114
147193;142
147364;76
149664;142
150695;112
151676;220
152065;134
152074;23
152687;25
156039;179
157279;248
159634;100
160714;128
162173;105
163106;216
163304;256
164325;167
164740;246
165584;242
167175;80
167283;141
167810;88
168995;247
169073;176
170291;133
172569;278
173574;120
174097;186
174372;4
175166;116
175403;187
175577;203
175647;163
176314;138
176766;55
177113;269
179927;36
182202;216
184550;171
185348;48
185357;9
186605;280
187424;148
187456;2
188716;116
189481;280
190699;177
192282;80
197268;172
197878;184
198191;138
198675;229
198963;172
200269;265
201384;282
202225;48
202329;266
203338;16
203712;248
203779;191
203848;212
205901;88
206816;42
207102;80
207364;220
208148;94
208463;68
209414;162
209792;201
210191;189
210611;230
210960;197
212195;59
212309;233
212349;93
212492;182
212708;107
213800;130
214254;77
215363;268
216549;22
216692;177
218565;281
219639;158
219671;75
220265;126
220538;87
220932;146
222326;197
222329;82
222822;164
223054;278
223742;34
223807;126
224304;201
224441;270
225112;23
225937;203
227256;25
227382;254
229503;277
229680;114
230295;199
230566;71
230668;83
231417;230
232809;12
233598;191
233705;104
233807;51
234368;258
235191;54
236378;130
237009;77
239426;118
240803;135
240950;213
241802;261
242070;225
242218;258
242428;161
242831;75
243062;152
244294;211
247637;181
248359;21
249347;7
249601;223
249768;79
250048;234
250060;142
250281;56
250520;244
251967;177
252889;233
252890;137
253295;243
253737;130
253793;41
253825;263
254040;95
256099;282
257809;175
258023;273
258727;178
259553;172
259561;57
259565;20
259758;10
259766;98
260189;180
260564;203
261768;77
262124;172
262174;123
262224;227
262225;183
262292;41
262621;22
263032;108
263127;222
263788;207
264718;143
266437;162
269041;157
269566;23
269633;21
269656;172
272810;123
273001;172
273902;195
274281;239
274726;20
280138;49
281213;77
281325;181
282542;68
286658;263
289682;268
290529;240
290850;133
291293;23
294570;29
294777;15
297123;83
297714;18
297887;279
297973;125
299279;132
300567;40
301364;62
304231;142
304942;181
306401;12
307896;133
308456;145
308466;178
310148;62
312433;156
313595;9
314131;244
315637;116
316228;63
316310;61
316337;214
316428;259
320383;186
322302;128
322893;36
325869;54
325870;239
327856;20
328544;163
328558;241
328630;214
334308;93
334542;88
335726;114
337116;271
338387;80
338453;278
339204;213
341801;93
342283;195
342288;59
342289;85
343623;96
344633;61
344636;281
345255;214
345477;63
345687;112
346484;38
346787;93
346828;176
348446;266
349828;181
349946;234
350248;81
351100;229
352745;192
353113;276
357096;276
359859;9
362028;206
364185;180
364780;31
365357;156
365916;74
366420;234
367353;148
367561;15
371706;156
374896;241
377067;154
380098;62
386008;180
386815;133
387088;133
387569;20
388445;59
388647;277
390331;248
390607;20
394443;208
395695;83
396432;109
396659;137
397498;146
397548;54
397553;275
398418;230
405807;218
406045;53
409463;110
409656;90
412016;223
413459;144
414266;243
415953;273
421199;112
422704;28
423587;18
424131;172
424291;276
424494;150
425426;187
426072;145
427092;120
429476;84
429939;133
430516;181
432597;143
434193;126
434912;56
435439;186
435942;124
438486;93
443049;282
444497;279
444498;226
444799;188
445305;278
445775;242
447420;170
449154;229
449574;116
449631;272
449685;247
450199;23
450729;75
450787;269
451953;117
452404;9
453299;194
453888;253
454843;16
454998;126
455411;240
456516;5
457716;179
460562;23
462851;154
463855;270
465447;55
468522;166
472025;219
475385;55
476643;54
478880;50
480827;239
481128;48
482343;212
482348;121
482896;266
482989;219
485176;174
485187;103
485561;121
486650;143
486688;188
486717;51
486798;15
489061;32
490311;178
492451;266
492604;18
493367;266
493983;22
496635;97
497804;145
497891;141
498337;159
498344;67
498888;178
501025;227
501518;186
504417;76
504598;104
504630;25
504653;7
504682;251
507276;93
508486;9
510373;172
514312;145
515366;178
516992;182
519852;191
521601;180
522490;215
522855;41
522893;165
524125;68
524814;23
524819;179
526109;112
527905;152
528462;94
528648;172
528714;197
531027;184
531648;10
534897;25
535510;165
535513;7
535634;80
536141;262
536251;233
536982;266
539208;242
539542;48
549132;190
550158;23
552072;36
553560;187
553867;244
555331;57
556499;203
557682;59
557864;18
558558;20
559065;156
559368;31
563507;112
563831;114
564088;16
565700;116
565807;186
566594;67
566633;204
566698;5
567990;133
568433;104
568460;179
570736;239
571225;172
574876;33
575198;197
575333;266
575510;121
578504;212
578886;214
579434;281
579462;270
579483;14
580001;40
580321;63
580439;179
580511;61
581654;222
581795;163
582000;93
582057;16
582372;48
582448;244
582755;169
583588;101
587855;212
587897;145
588547;269
589337;269
591063;225
591677;142
592142;203
592203;227
593927;278
594282;133
594802;172
596072;212
596116;203
598524;29
598537;48
599699;263
599881;70
601051;48
603128;212
604347;176
605090;212
607899;15
608444;126
609066;191
610417;226
610625;184
613855;247
614515;150
615017;186
615787;216
616912;112
622815;53
625970;197
626054;62
626710;126
626884;189
627407;126
628538;211
629836;88
630510;146
633946;40
634127;204
639681;55
639697;187
640210;111
640374;267
641344;203
641573;66
645969;128
647568;70
647583;165
650722;186
651024;215
651901;211
652937;102
653217;150
655842;172
656160;20
659204;76
661304;156
663340;21
664774;203
665085;94
667214;94
667282;79
671808;40
672952;279
675557;109
675771;56
677211;156
677871;279
677877;226
681430;186
683562;130
686688;83
687252;25
687394;22
687595;226
687661;268
688454;197
688532;14
689880;266
690617;94
693990;79
693996;221
694003;183
694276;134
694513;116
694575;76
699347;156
700769;186
701366;256
703466;239
704122;195
705263;203
707261;70
707406;186
707508;133
707630;48
707862;186
708436;253
710283;104
711861;21
712404;130
712652;212
713014;203
713336;7
713528;22
714994;9
715825;266
716710;126
716878;133
717594;64
718143;204
718370;76
718388;80
718556;48
719150;133
720351;25
722091;112
722707;186
722787;70
722803;165
723015;9
723264;79
723270;221
726613;40
727751;118
728597;204
728615;142
728854;248
728941;80
732594;259
732690;181
735684;126
737394;263
738328;163
739310;223
739717;190
740256;99
740265;268
740847;116
741154;239
741737;29
742570;156
743572;203
744250;156
744426;137
747532;130
748230;225
748233;268
748234;233
748561;137
748672;179
748950;179
750068;25
750961;31
751697;228
752461;18
753644;208
753911;99
753926;268
755540;55
757839;77
760257;23
762626;212
764751;228
765861;187
765970;235
766047;74
766401;218
773721;74
779832;62
780767;169
782114;126
782376;113
782402;228
782633;66
782859;225
782887;268
782929;99
784435;190
786880;21
787793;105
791550;270
791552;224
791556;66
804975;67
805361;97
818917;231
819199;59
830463;232
830674;69
834979;10
835791;105
838574;152
840771;110
842627;87
843761;127
869645;266
871401;20
871404;123
876370;106
882088;222
885821;180
886689;213
915820;216
934836;68
943648;62
948795;40
953766;133
953794;230
961013;87
961018;70
961379;262
962051;49
962127;266
965868;156
965872;31
966027;48
966048;9
966050;93
966178;9
966204;75
966980;62
967683;22
967856;107
968417;246
969368;50
969550;75
971428;178
971634;21
972333;152
972764;36
973109;244
974345;68
974458;223
979459;105
982897;95
983363;243
984295;59
987920;112
990892;64
996256;15
996342;187
996505;146
996585;172
996945;211
997886;124
998126;179
998375;191
998414;222
998435;220
999665;275
1000503;213
1000595;203
1001519;197
1001792;128
1004706;180
1004710;190
1012632;164
1014876;156
1015450;212
1015455;282
1015915;126
1016112;225
1034604;172
1038217;48
1038247;93
1038483;25
1038603;29
1039410;48
1039500;203
1039632;156
1040055;268
1040208;80
1040520;137
1040521;233
1040676;15
