462;1375
1300;2238
5226;1842
6127;929
6152;1490
6786;2760
7331;672
7409;898
7412;1697
8745;2085
8941;119
8967;12
9542;174
10082;699
10420;289
10452;218
10741;545
10930;199
11350;1553
11368;1299
11936;971
12272;62
12304;321
13078;1699
13123;199
13451;497
14130;139
14249;18
14326;137
15625;228
16076;278
16193;340
16870;46
16973;368
17198;1499
17241;2887
18157;1217
18831;1041
19058;30
19064;39
19165;3106
19172;1284
20701;134
21002;1308
21414;227
21428;1099
22473;169
23448;236
23699;706
24101;31
24283;1399
24842;790
24878;269
25026;2699
25155;484
25227;10
25629;238
25631;213
26079;1299
26085;1999
26156;2513
26203;1079
26680;539
26900;1463
27888;1696
28265;10
28660;221
30605;227
30621;160
30979;1679
31158;2760
31777;121
31988;226
32560;1559
34170;2399
34326;225
35465;1992
37565;188
37775;29
38350;560
38384;1210
39275;243
39504;319
39689;574
39749;1842
40238;200
40462;285
41144;1670
41236;78
41499;1143
41931;231
42081;246
42269;148
42746;2400
43451;653
43512;35
43580;21
43585;54
44037;1972
44862;40
45057;349
45279;1207
45377;981
46440;56
46582;193
47126;25
47476;141
48490;576
48611;675
50040;316
50301;47
50654;342
50950;289
50979;229
51474;52
52223;75
52883;15
53070;275
53306;2007
53358;313
53930;1392
53986;696
54249;94
54750;238
55230;45
55499;2071
56018;322
56027;8
56509;1299
56897;982
57822;199
58849;78
58925;292
59581;699
60255;53
60295;702
60652;2055
61667;1662
62264;75
62359;60
63204;41
63867;535
64248;64
64721;86
65094;378
65171;221
65330;249
65520;195
65706;1202
66239;11
66316;491
66717;190
66721;190
67695;66
67846;55
67948;272
68331;1177
68478;1741
68779;224
68952;185
69374;2799
69411;47
69580;249
70443;1362
70480;2598
70835;224
70843;520
71633;514
72731;1499
72884;20
73036;78
73811;477
73820;330
74808;11
75197;51
75200;73
75524;1189
75725;128
76163;699
76254;54
76685;1679
76855;524
76945;29
78297;634
78798;209
78954;1749
80195;1470
83783;82
85391;2317
85447;9456
86372;8999
87079;54
89148;373
89342;279
91179;135
91507;1299
91739;24
94426;18
94428;135
94465;199
95123;317
95547;229
95561;49
96024;15
96034;199
97641;297
98434;111
98690;14
99115;53
99323;142
99594;57
100129;2849
100627;25
101499;125
101775;37
102090;1349
102663;869
102983;343
103058;79
105641;514
106457;149
106892;338
106904;998
107716;899
109964;2849
110052;16
110084;34
110181;142
110949;10
111036;699
112082;231
113299;11
113813;28
114943;241
115520;949
115650;1729
116550;365
116753;2999
117271;1218
117504;75
118521;1399
119172;303
120742;200
121224;277
122012;24
123303;213
123992;36
124194;61
124286;170
124417;246
124450;284
124911;269
125622;76
125629;44
125766;1619
126360;331
126977;200
128004;59
128618;1751
129794;9
129865;30
130807;699
130831;299
132045;165
132046;141
132551;5
133804;18
133806;51
135623;207
135657;30
135965;39
137719;215
138512;899
138514;31
140994;28
142075;205
142275;1736
142907;132
144134;199
144233;35
144482;2213
144487;1743
145028;2984
145029;1804
145409;1167
145617;44
147136;269
147193;535
147364;299
150429;351
150669;38
150695;979
151669;160
151697;649
152065;36
152687;75
153825;69
155553;55
157279;73
158039;224
158389;75
158658;73
160722;19
161725;32
162173;61
163304;39
164325;192
164740;1569
165584;2699
165809;69
167283;71
167303;24
167810;33
168995;2016
169073;24
170291;39
171195;59
171827;138
171926;304
172569;21
172620;261
173402;82
174372;21
175157;26
175166;209
175403;10
175577;121
175647;39
176314;1138
176335;1041
176766;52
177113;30
179927;1191
184217;12
184335;6887
184550;1261
185177;46
186605;49
186813;28
187424;60
187456;23
187467;63
189480;20
189481;41
189927;113
191014;62
193210;159
194658;21
195803;54
197268;124
197806;35
197878;149
197885;99
198114;54
198191;1206
198477;17
198909;42
198963;105
199200;42
201384;293
202329;44
203712;86
203848;168
204735;533
205370;34
206816;3568
206959;1326
207046;20
207102;59
207383;72
208019;48
208148;131
208427;408
208463;240
208968;1115
209414;89
209792;20
210960;490
212195;43
212309;193
212492;249
212708;449
213800;23
214254;44
215363;241
215633;262
216613;85
216692;99
216700;149
216975;233
218565;34
219671;8999
219975;39
220265;512
220538;2399
220932;135
222822;878
223054;17
223742;17
223807;468
225112;56
225937;129
226811;13
227256;75
227382;5999
227631;703
227692;1201
229484;59
229503;1251
229680;1182
230295;12
230566;45
231417;27
232809;40
232845;14
233207;124
233705;152
233807;34
237009;38
237659;127
240950;78
242448;169
242831;8999
244294;2299
244297;1999
244982;40
248350;49
248998;1225
250048;59
250060;529
250281;20
250520;668
251967;62
252889;246
253295;285
253788;10
253793;172
253825;29
254040;26
255261;191
256099;243
257651;273
257809;129
257812;394
257814;287
257950;273
258023;44
258450;125
258618;126
259561;53
259766;59
260564;149
261768;45
262124;115
262174;61
262224;184
262621;5
263027;22
263788;59
264718;223
265718;36
266437;71
267437;9
268516;24
269041;28
269566;48
269633;168
269656;92
271943;1502
272681;54
272947;51
273001;99
273156;39
273452;10
273902;205
274281;194
274726;36
276439;71
280138;2129
281325;58
289449;59
289989;458
290529;59
290850;45
291291;67
294157;325
294777;381
294781;54
297123;129
297714;1097
297887;34
297973;18
299279;899
300567;213
301364;49
303846;35
304942;62
305903;19
306401;39
308466;700
311978;512
312433;238
312486;243
315637;215
316337;20
316428;538
320383;423
322302;159
322893;1404
323422;1299
323917;9
324528;24
325869;35
328616;17
328630;14
333524;41
334308;1620
334542;65
335726;1266
336020;20
338387;58
338970;252
339204;65
340740;29
341736;53
341801;1399
342289;65
343623;20
344207;52
344633;26
344636;29
345407;15
345474;11
345477;11
345942;27
346484;899
346787;1899
349828;60
349946;82
351100;44
353113;69
356330;19
357096;59
359951;1344
361878;24
363888;29
364780;267
365916;17
366420;122
367561;343
371645;145
374896;58
375046;381
377067;20
378615;96
386008;35
386815;36
387088;43
388445;37
388919;29
390331;77
394443;8
395695;119
396658;273
396659;273
397498;147
397548;31
397828;1185
398418;24
404446;15
405807;42
407498;30
408773;14
409656;1319
412016;1497
413459;24
415953;50
417323;159
421199;1129
421700;969
422917;36
425426;2
426072;249
428996;36
429338;179
429939;44
429995;19
432597;164
433371;111
434193;567
435439;335
437551;232
438488;899
438773;2849
439398;267
444497;25
444498;30
444799;89
445452;1298
445775;2689
446741;194
446883;44
447605;112
449574;197
450008;312
450199;50
450787;17
450898;59
451953;292
453495;40
453888;19
454843;342
456516;78
457716;56
460562;69
462851;19
462852;19
465447;49
468522;269
476643;37
477514;38
478880;370
480764;71
481218;1899
482343;143
482348;19
482896;45
482989;13
485176;89
485187;21
486650;165
486688;57
486798;553
487028;2312
488966;371
489061;41
489072;62
490311;495
492604;1039
493283;28
493367;40
493983;3
495502;35
496340;176
496595;220
496635;187
501518;313
501523;1025
504598;147
504630;65
504653;27
505174;15
505258;16
507276;1686
508314;1851
510373;113
513637;41
519208;253
519852;13
522893;39
524672;198
524819;59
524914;43
526109;1149
527735;19
527905;5266
528462;93
528648;108
531027;153
531145;7998
531503;1954
531648;39
532736;1085
534897;75
536141;7100
536982;43
539542;2841
543204;1695
546848;55
549132;123
550158;65
550650;213
551336;1999
552280;248
552629;43
555331;53
556499;145
556886;37
557682;37
558558;33
559065;224
561115;120
563365;236
564088;418
565700;234
565807;330
566594;721
566633;59
567691;1629
567990;42
569154;349
574876;24
575198;482
575333;43
575510;20
577468;296
578504;132
578886;20
579462;78
579483;16
580001;215
580321;9
581654;263
581795;30
582000;1675
582057;363
582372;2890
582421;212
582755;450
582899;75
583588;30
584285;89
587855;142
589083;49
589337;18
591676;319
592142;127
592203;186
592813;1749
594282;41
594802;101
595012;755
596072;151
596116;142
596225;79
596929;4939
598537;2849
599869;9899
599881;2199
600401;919
601025;1699
601037;1620
601051;2899
602111;65
604347;10
605272;129
607899;329
608444;521
609301;1026
610417;59
610625;135
613855;2099
614515;40
615017;373
621305;39
621864;39
623745;488
625970;482
626054;49
626696;39
626884;207
626952;40
629286;237
629836;37
630087;27
630544;47
630595;168
630598;71
630814;127
631313;26
633946;210
635965;667
639681;40
640210;604
641344;127
641573;11
645967;147
645969;138
647568;1818
647583;37
649822;323
652027;1616
652531;39
652739;112
652937;37
653205;50
653217;52
656160;37
658602;258
658828;13
659111;761
659204;382
661269;26
661302;225
663252;144
663340;173
664774;141
665085;118
667282;168
667434;186
671808;234
672952;29
677058;46
677871;29
677877;44
687252;80
687595;46
687661;220
688454;540
688608;552
688618;66
689880;44
690103;43
693990;166
694002;195
694003;235
694276;37
696035;13
698335;29
700769;444
703466;199
704643;97
707277;38
707406;305
707508;41
707630;2760
707862;317
708436;19
710562;27
710779;52
710983;63
712358;160
712404;24
712570;2
712841;59
713336;39
714994;1665
715825;41
716215;484
716710;500
717594;323
718143;55
718370;331
718388;62
718556;2751
719150;42
720351;67
722091;919
722707;305
722787;1818
722803;37
723015;1675
726394;192
726613;209
727751;538
727917;68
728597;53
728615;460
728617;318
728854;79
731581;972
732594;458
732690;50
735684;480
735736;1195
736918;70
737394;27
738282;208
739310;1149
739717;109
740256;35
741154;214
741737;1961
742570;213
743046;59
743572;145
744426;225
745312;1239
747532;25
748233;275
748234;208
748561;208
748672;71
748950;57
750049;51
750068;65
750961;229
753639;29
753644;7
754493;248
755540;42
757839;40
760257;61
762626;149
763245;153
764751;278
765861;9
765970;31
766047;12
773790;31
780829;651
782376;1356
782633;13
782859;264
783171;220
786880;169
791552;16
791556;28
796211;52
799491;17
804975;643
804989;243
805361;147
807575;138
807953;173
818917;1054
819199;34
823668;6
830463;17
830675;876
834979;40
837433;146
840771;252
859889;109
869659;146
871401;38
876370;101
885821;37
915820;37
924694;143
934836;214
935313;12
941929;95
942081;34
943648;43
945085;179
948795;202
953672;134
953750;214
953753;201
953794;17
961013;2252
961018;1799
961379;7125
962051;3017
962127;38
964582;52
965867;226
965872;255
966050;1349
966204;7999
966980;49
966990;59
967731;6700
967856;440
968417;1729
969503;6999
969550;9297
972333;5578
972764;1341
973109;709
974345;228
974458;1650
975980;40
980170;1639
982897;25
984295;45
984296;34
986752;993
987378;349
987920;978
990892;349
996505;121
998032;66
998375;9
998414;290
998435;156
1000316;278
1000956;1334
1001214;245
1001788;138
1003443;378
1004706;41
1012631;404
1014876;227
1015450;242
1015915;526
1016112;266
1025446;81
1032329;58
1038084;1320
1038217;2575
1038247;1620
1038248;780
1038483;94
1038509;437
1038603;2322
1039500;168
1040676;447
1041258;615
