116;1699
1290;1570
1300;2238
1665;212
2485;203
2495;202
2580;517
2838;1821
4376;1513
4936;574
5226;1842
6127;929
6152;1490
7331;672
7412;1697
7917;1698
8745;2085
8967;12
9542;174
9639;19
10082;699
10356;202
10420;289
10741;545
10930;199
11242;340
11350;1553
11605;2449
11753;1599
11936;971
12272;62
12662;69
12670;49
12680;39
13123;199
13451;497
14130;139
14249;18
14326;137
15532;239
15883;1701
16076;278
16977;1613
17197;2799
17241;2887
17358;2278
17909;18
18157;1217
19165;3106
20701;134
20938;299
21002;1308
21428;1099
21489;249
21897;62
22404;5999
22473;169
22474;159
23174;20
23448;236
23702;6770
24101;31
24279;1499
24842;790
24878;269
25155;484
25429;1975
25631;213
26079;1299
26085;1999
26156;2513
26203;1079
26506;1150
26622;44
26680;539
26687;699
27442;1741
29945;253
30011;1399
30605;227
30621;160
30979;1679
31158;2760
34170;2399
34794;39
35719;2770
36156;233
37565;188
37775;29
38346;971
38350;560
39275;243
39504;319
39689;574
39749;1842
39769;14
40238;200
41144;1670
41236;78
41279;42
41499;1143
42077;478
42081;246
43451;653
43580;21
43585;54
43958;65
44119;490
44162;2849
45057;349
45279;1207
45981;132
46440;56
47082;504
47126;25
47289;316
47476;141
48490;576
48982;19
49629;856
50179;184
50301;47
50597;1319
50603;12
50654;342
50950;289
51474;52
52805;30
52883;15
53070;275
53262;35
53306;2007
53986;696
54249;94
54568;1179
55230;45
55803;45
55833;158
58849;78
58925;292
60295;702
60652;2055
61033;1949
61043;1799
62264;75
62359;60
62658;81
63242;159
63255;199
63867;535
64248;64
64721;86
65072;1329
65330;249
65706;1202
65766;60
65796;49
66316;491
66721;190
66907;485
67079;18
67651;162
67695;66
67697;80
67846;55
68331;1177
68478;1741
68697;1348
68779;224
68781;197
69807;940
70480;2598
70539;33
70835;224
71875;182
72742;2749
72884;20
73036;78
73820;330
74642;49
74808;11
75197;51
75200;73
75524;1189
75531;293
75649;1399
75722;258
75725;128
76254;54
76685;1679
76696;1099
76899;65
76945;29
77789;659
77798;269
77804;399
77809;549
78578;72
78721;155
78954;1749
80195;1470
80340;445
81290;2233
85391;2317
85447;9456
86543;17
87079;54
87909;1999
88359;616
89075;8999
89148;373
89753;1449
89755;969
91010;112
91032;209
91540;189
91739;24
91862;629
94428;135
94490;52
95123;317
95547;229
95561;49
95643;19
96024;15
98124;71
98312;1799
98411;40
98434;111
98690;14
99119;72
99595;70
99913;19
100715;647
100991;234
101039;11
101498;63
101520;46
101775;37
101866;64
102663;869
102983;343
103058;79
105355;27
105641;514
106457;149
106892;338
106904;998
107716;899
108111;1246
110052;16
110084;34
110181;142
110250;2999
110949;10
111036;699
111050;9699
111243;549
111244;399
113299;11
115044;509
115520;949
115650;1729
115679;1085
116550;365
117271;1218
117504;75
118257;167
118847;144
119172;303
120925;13
121663;219
123256;488
123303;213
123463;640
123943;113
123992;36
124286;170
125622;76
125629;44
125766;1619
126977;200
128004;59
128855;1988
130445;8
130651;17
130807;699
131509;149
132046;141
133804;18
134791;75
135161;13
135623;207
135965;39
137719;215
138400;532
138512;899
139777;1399
140901;365
140994;28
141207;739
142275;1736
142746;69
142907;132
144290;47
145409;1167
147136;269
147193;535
147364;299
149664;527
150429;351
150669;38
151676;93
151697;649
153825;69
159634;31
159737;2327
160714;139
160722;19
161725;32
162173;61
163106;24
163304;39
164325;192
165809;69
165888;59
167175;47
167810;33
170291;39
171827;138
171926;304
172569;21
173402;82
174372;21
175157;26
175166;209
175577;121
176314;1138
177113;30
182202;36
184217;12
184335;6887
185177;46
185348;2799
186605;49
186813;28
187424;60
188716;199
189480;20
190951;1366
191014;62
191515;39
192282;70
194658;21
195803;54
196469;31
197268;124
197806;35
197878;149
197885;99
198191;1206
198477;17
198909;42
198963;105
199200;42
201384;293
203338;475
203550;578
205370;34
205901;44
206959;1326
207102;59
207364;149
207399;155
208148;131
208427;408
208463;240
208968;1115
209792;20
210611;20
212154;15
212195;43
212309;193
213800;23
214254;44
215363;241
216549;6
216613;85
216700;149
216840;103
216975;233
217883;476
219639;189
220265;512
220538;2399
222822;878
223742;17
224304;20
224441;69
225112;56
225937;129
226811;13
227256;75
227692;1201
229484;59
229503;1251
229680;1182
230295;12
233221;270
233598;11
233705;152
233807;34
234964;1296
235056;727
237009;38
237659;127
240803;356
240950;78
241802;249
242070;258
242428;34
242831;8999
243406;373
244121;84
244294;2299
244982;40
247637;58
247998;11
248359;199
249347;29
249601;1219
250060;529
251919;2128
252889;246
252890;246
253737;28
253788;10
254040;26
255440;11
256868;2124
257812;394
257814;287
258023;44
258727;699
259553;127
259561;53
259565;45
259758;45
259766;59
260189;48
260561;417
260564;149
261768;45
261854;13
262124;115
262292;281
263027;22
263127;256
263788;59
264062;24
264718;223
265718;36
266437;71
273001;99
273156;39
274525;64
276439;71
281213;38
283643;200
287443;524
289682;254
289989;458
290529;59
290850;45
291291;67
291293;50
294157;325
294570;1935
294781;54
297123;129
297973;18
299279;899
304231;506
304869;59
304942;62
305903;19
306401;39
308456;249
308466;700
310961;169
312106;99
312433;238
312486;243
313595;1649
314131;744
316222;39
316228;8
319154;159
320383;423
322893;1404
323422;1299
323917;9
324528;24
327856;32
328544;33
328558;70
328630;14
328636;37
329034;48
333524;41
334274;1029
335726;1266
336020;20
337245;73
337632;37
338039;30
338453;20
338970;252
339204;65
342283;239
342288;45
343623;20
344633;26
344636;29
345407;15
345414;56
345477;11
346484;899
348446;59
349828;60
350248;21
351100;44
352728;13
356330;19
359859;1585
359951;1344
361878;24
362028;14
363888;29
364185;44
364302;511
365357;249
366420;122
367353;103
367561;343
372105;79
374896;58
378615;96
378777;249
380196;99
382489;14
386008;35
386060;903
386815;36
390331;77
395611;28
395695;119
396432;20
397498;147
397548;31
397553;105
397828;1185
398418;24
406045;199
406048;699
408773;14
412016;1497
412194;326
413459;24
414993;19
415953;50
421199;1129
421700;969
422704;139
423587;1230
424131;115
424291;59
424494;35
425426;2
426072;249
427092;1769
427643;29
429338;179
429939;44
429995;19
430516;55
434959;190
435201;14
435942;376
437545;45
437551;232
438486;1899
439398;267
443049;255
446741;194
449154;29
449631;200
449685;1709
450008;312
450199;50
450729;8549
450787;17
450898;59
451949;2941
451953;292
453299;3
453888;19
454843;342
455321;43
455411;60
456516;78
459331;1799
460562;69
462851;19
462852;19
463855;69
465447;49
468522;269
477514;38
480764;71
480827;195
481128;2811
481218;1899
482343;143
482896;45
482989;13
486882;21
487028;2312
490311;495
492451;44
492604;1039
492766;47
493983;3
495502;35
496595;220
496635;187
497804;242
497891;62
498337;273
498344;648
501025;187
504598;147
504682;967
505258;16
505380;1847
507269;2703
507276;1686
508314;1851
508486;1382
510373;113
513637;41
514312;206
515366;570
519208;253
521601;40
522490;71
522855;175
524125;226
524672;198
524814;53
524819;59
527735;19
527905;5266
528462;93
528628;235
528714;509
531027;153
531145;7998
532736;1085
536169;2275
536251;198
536982;43
538968;2199
539542;2841
541486;38
543204;1695
549132;123
550650;213
552072;1274
552645;24
553560;6
556886;37
557675;36
557682;37
557864;1199
558558;33
559065;224
559368;252
561771;160
563365;236
563507;997
563831;1187
564088;418
564602;328
565700;234
565807;330
566594;721
566633;59
567233;349
569154;349
569826;449
570736;233
571225;102
572112;6
575198;482
575510;20
575676;16
577870;13
579462;78
580321;9
580439;57
580511;32
581654;263
581795;30
582000;1675
582057;363
582372;2890
582899;75
584285;89
587360;261
587897;227
588547;17
588568;1539
589083;49
591676;319
592142;127
592808;2084
592813;1749
593927;22
594802;101
595012;755
596116;142
596519;225
596929;4939
598306;253
598537;2849
599699;27
601051;2899
601988;206
602111;65
605090;150
607899;329
609301;1026
610898;1685
613855;2099
615488;170
615787;41
616179;11
617112;53
617608;437
621305;39
621703;39
621864;39
622172;76
623745;488
625290;22
625970;482
626054;49
626710;491
626884;207
629286;237
629314;231
630051;228
630544;47
630814;127
631313;26
633946;210
634127;56
639681;40
639862;24
640210;604
641344;127
645967;147
645969;138
647568;1818
647583;37
650621;919
650722;305
651024;80
651901;2139
652531;39
652739;112
652937;37
653205;50
655858;487
656160;37
658602;258
659204;382
661269;26
661302;225
661304;202
663252;144
663340;173
664774;141
667214;108
667282;168
667434;186
671808;234
675627;36
677207;249
677211;212
677871;29
681430;318
686688;115
687252;80
687595;46
687601;31
688618;66
689880;44
690103;43
690391;301
690617;102
693990;166
693996;185
694003;235
694513;201
694575;368
695280;30
696035;13
698335;29
699347;214
700769;444
701366;42
703466;199
704643;97
707261;1891
707277;38
707406;305
707508;41
707630;2760
708146;955
708993;1628
710283;154
710562;27
710798;67
712358;160
712652;136
713014;128
714994;1665
715825;41
716215;484
716624;8
716710;500
716878;41
717594;323
718370;331
718965;1818
719020;128
719150;42
720327;50
720351;67
721916;1236
722091;919
722803;37
722962;1616
723264;160
725519;326
727751;538
728854;79
728941;59
732594;458
735736;1195
736918;70
737394;27
738282;208
739310;1149
739717;109
741737;1961
742570;213
743572;145
744423;225
745312;1239
747532;25
748230;264
748233;275
748234;208
748561;208
749251;199
750049;51
750961;229
751697;239
752361;50
752461;1252
753639;29
753926;231
754072;1279
757839;40
760091;243
762626;149
763245;153
765970;31
766047;12
766401;50
773790;31
782376;1356
782402;266
782633;13
782887;243
783603;99
784435;102
786880;169
789301;154
789384;16
791550;60
791556;28
796211;52
799491;17
804975;643
804989;243
805465;146
830463;17
830674;484
830675;876
835791;63
837433;146
838574;5722
840771;252
843761;135
859889;109
869645;43
869659;146
870544;38
871404;54
876370;101
876382;38
882088;259
885821;37
915820;37
924694;143
934836;214
942081;34
943648;43
948795;202
953670;37
953750;214
953753;201
953766;40
953794;17
961002;2776
961018;1799
961325;2355
962127;38
962191;1789
963403;548
964582;52
965867;226
965868;233
966048;1359
966204;7999
966980;49
966990;59
967856;440
968417;1729
969368;242
969550;9297
971634;173
972333;5578
972764;1341
973109;709
975980;40
979459;62
980927;478
982841;607
982897;25
983363;376
984295;45
985979;22
986752;993
987378;349
987920;978
996505;121
996945;2023
997888;461
998032;66
998126;77
998375;9
1000503;65
1000595;136
1001214;245
1001519;500
1001792;130
1004706;41
1004710;109
1005721;238
1012632;762
1015455;285
1015915;526
1016112;266
1025446;81
1032329;58
1032676;53
1034604;96
1038084;1320
1038248;780
1039459;340
1039845;94
1040520;296
1040521;296
1040676;447
1041258;615
