1286;2599
1300;2238
1665;212
2485;203
2503;245
2842;1618
4936;574
5226;1842
6127;929
6152;1490
6786;2760
7409;898
7917;1698
8921;279
8941;119
10082;699
10356;202
10420;289
10452;218
10741;545
10931;199
11368;1299
11936;971
12272;62
12301;1008
12304;321
12594;1799
12662;69
12680;39
13123;199
14130;139
14249;18
14326;137
15014;123
15625;228
15883;1701
16076;278
16193;340
16870;46
16873;8
16973;368
17198;1499
17241;2887
17852;205
17909;18
18068;140
18077;42
18157;1217
19058;30
20701;134
20938;299
21002;1308
21414;227
21428;1099
21897;62
22404;5999
22473;169
23699;706
23702;6770
24204;1324
24283;1399
24842;790
24878;269
25155;484
25227;10
25429;1975
25629;238
25631;213
26079;1299
26156;2513
26622;44
26680;539
26687;699
26868;230
26900;1463
27442;1741
27888;1696
28660;221
29945;253
30011;1399
30605;227
30621;160
30979;1679
31158;2760
31777;121
35465;1992
35719;2770
36170;200
36244;159
38350;560
38384;1210
39504;319
39769;14
40238;200
41279;42
42077;478
42746;2400
43512;35
43585;54
43958;65
44862;40
45057;349
45279;1207
45377;981
46295;75
46440;56
46582;193
46860;2775
47289;316
47476;141
48490;576
49239;72
49629;856
49946;149
50040;316
50301;47
50597;1319
50603;12
50654;342
50950;289
50979;229
51474;52
52223;75
52805;30
52883;15
53070;275
53262;35
53306;2007
53358;313
53930;1392
55230;45
55499;2071
55803;45
56018;322
56897;982
57035;269
57822;199
57873;59
58620;518
58849;78
58925;292
60295;702
61043;1799
61667;1662
62264;75
62359;60
62658;81
63242;159
63867;535
64061;80
64248;64
64804;7
65072;1329
65706;1202
65766;60
66239;11
66717;190
66847;1333
66907;485
67079;18
67589;71
67610;88
67697;80
67846;55
67948;272
68331;1177
68478;1741
68695;799
68697;1348
68781;197
68952;185
69374;2799
69580;249
69807;940
70443;1362
70835;224
70843;520
71125;1728
72884;20
73036;78
73811;477
73820;330
74642;49
74808;11
74972;1999
75197;51
75200;73
75374;997
75725;128
76685;1679
76696;1099
76855;524
76899;65
77798;269
77804;399
77858;365
78721;155
78954;1749
80195;1470
80340;445
80867;29
81290;2233
82989;1399
86543;17
87079;54
88359;616
89075;8999
89342;279
89753;1449
89755;969
91179;135
91507;1299
91540;189
94426;18
94428;135
94490;52
94629;54
95547;229
95561;49
96024;15
96034;199
97641;297
98016;54
98312;1799
98411;40
99115;53
99119;72
99323;142
99588;1241
99594;57
99595;70
99913;19
100129;2849
100715;647
100990;204
100991;234
101039;11
101498;63
101520;46
101866;64
103916;199
105355;27
105641;514
107716;899
108111;1246
109481;28
109864;10
110052;16
110181;142
110949;10
111050;9699
111243;549
111532;299
112082;231
113299;11
113813;28
114826;263
114943;241
115044;509
115520;949
115650;1729
116550;365
116753;2999
117271;1218
117492;64
118847;144
120742;200
120925;13
121224;277
122012;24
122995;2744
123303;213
123992;36
124194;61
124286;170
124417;246
125629;44
125766;1619
126977;200
128004;59
128855;1988
129001;256
129220;1249
129738;43
129794;9
130651;17
130807;699
131509;149
132046;141
132551;5
134791;75
135657;30
135965;39
138295;223
138400;532
138512;899
141207;739
142275;1736
142746;69
142907;132
144196;264
144482;2213
144487;1743
145028;2984
145029;1804
145617;44
147136;269
147193;535
147364;299
148487;40
149664;527
150429;351
150669;38
151669;160
151676;93
151697;649
152065;36
152687;75
153825;69
158039;224
158389;75
158658;73
160722;19
161725;32
162173;61
163106;24
164325;192
165888;59
167303;24
167810;33
168995;2016
169073;24
172569;21
173402;82
173574;1998
174097;389
174159;25
174372;21
175577;121
175647;39
176314;1138
176335;1041
176766;52
177113;30
179927;1191
184335;6887
186813;28
187456;23
188102;5090
189927;113
190699;99
190951;1366
191014;62
192282;70
194658;21
195803;54
197268;124
197806;35
197878;149
198909;42
198963;105
199200;42
202329;44
203550;578
203712;86
203779;11
204735;533
206959;1326
207046;20
207102;59
207383;72
207399;155
208019;48
208148;131
208968;1115
209414;89
210611;20
210960;490
212154;15
212349;1899
215363;241
215633;262
216549;6
216613;85
216975;233
219975;39
220265;512
220538;2399
220932;135
222326;443
222822;878
223054;17
224441;69
226811;13
227113;1199
227256;75
227382;5999
227692;1201
229484;59
229503;1251
229680;1182
230566;45
230668;135
231417;27
232809;40
233207;124
233221;270
233598;11
233705;152
233807;34
234368;47
235056;727
236378;35
237009;38
240803;356
240950;78
241802;249
241919;59
242428;34
242831;8999
243062;4499
243406;373
244121;84
244297;1999
247998;11
248350;49
248359;199
248998;1225
249347;29
249768;141
250048;59
250281;20
250520;668
251967;62
253737;28
253788;10
253793;172
254040;26
255261;191
256868;2124
257651;273
257809;129
257812;394
257814;287
257950;273
258023;44
258450;125
258727;699
259565;45
259766;59
260564;149
261768;45
261854;13
262124;115
262224;184
262225;281
262621;5
263027;22
263127;256
263788;59
264593;1136
264718;223
265805;277
269041;28
272681;54
272947;51
274281;194
274525;64
274726;36
280138;2129
281213;38
282542;216
285523;1692
289449;59
289682;254
289989;458
294157;325
294570;1935
294777;381
296733;43
297123;129
297714;1097
297887;34
297973;18
301364;49
303846;35
304231;506
304869;59
304942;62
306401;39
307902;24
308456;249
308466;700
310148;50
310851;1179
310961;169
313595;1649
314131;744
315637;215
316222;39
316228;8
316310;29
316337;20
316428;538
320383;423
322893;1404
323917;9
325870;250
327856;32
328544;33
328636;37
333524;41
334542;65
335726;1266
336020;20
337116;46
337245;73
337632;37
338039;30
338387;58
338970;252
339204;65
340740;29
341736;53
342288;45
342289;65
343623;20
343669;19
344636;29
345407;15
345414;56
345474;11
345477;11
345942;27
346787;1899
350248;21
351100;44
352728;13
352745;66
353244;155
356330;19
357096;59
361878;24
362028;14
363888;29
364185;44
364302;511
364780;267
365357;249
365525;106
367561;343
368267;53
371645;145
371706;199
372105;79
375046;381
377067;20
377256;20
377947;53
378615;96
380098;50
381148;58
386008;35
387088;43
387569;34
390331;77
390607;42
394443;8
397498;147
397553;105
398418;24
404446;15
405807;42
408773;14
412016;1497
413459;24
415953;50
421199;1129
422704;139
422917;36
423587;1230
424131;115
424291;59
424494;35
425426;2
429338;179
429939;44
429995;19
430516;55
432597;164
433371;111
434912;23
435201;14
435942;376
437545;45
438773;2849
439398;267
441188;19
443049;255
444046;1120
444497;25
445305;17
445452;1298
445775;2689
446741;194
446883;44
447605;112
449154;29
449574;197
450008;312
450729;8549
450787;17
450898;59
451953;292
452404;1565
453495;40
454843;342
455321;43
455411;60
459331;1799
462852;19
465447;49
468522;269
474456;1896
476643;37
477514;38
478880;370
480827;195
481128;2811
481218;1899
482343;143
482348;19
482896;45
482989;13
485561;31
486650;165
486688;57
486798;553
486882;21
487028;2312
488966;371
489072;62
490311;495
492766;47
493283;28
493367;40
493983;3
495502;35
495606;36
496340;176
496595;220
496635;187
498337;273
498344;648
498888;542
501518;313
501523;1025
504598;147
504630;65
504653;27
505258;16
505380;1847
508314;1851
515366;570
519852;13
522893;39
524288;1699
524672;198
524819;59
526109;1149
527735;19
528628;235
528714;509
531027;153
531503;1954
531648;39
531732;109
531904;49
532736;1085
536141;7100
538968;2199
539208;2377
539542;2841
541486;38
543204;1695
549132;123
550158;65
551336;1999
555331;53
556886;37
557682;37
558558;33
563365;236
563507;997
564088;418
564602;328
565807;330
567691;1629
568460;57
569826;449
570654;32
570736;233
574876;24
575198;482
575333;43
575676;16
577468;296
579434;29
579462;78
580321;9
580439;57
580511;32
581795;30
582000;1675
582372;2890
582448;690
582755;450
587897;227
589337;18
591063;274
591676;319
592142;127
592808;2084
592813;1749
595005;27
595012;755
596072;151
596225;79
596519;225
598524;1899
599699;27
599869;9899
601051;2899
601988;206
603128;148
605090;150
605272;129
607357;470
607899;329
610417;59
610625;135
613855;2099
614515;40
615017;373
615554;48
615787;41
621305;39
623745;488
625970;482
626054;49
626696;39
626710;491
626884;207
627407;496
629286;237
629314;231
629836;37
630051;228
630544;47
630595;168
630598;71
630814;127
631647;912
633946;210
635965;667
639681;40
639697;8
639862;24
640374;14
641573;11
645967;147
645969;138
647583;37
649822;323
650722;305
651024;80
652027;1616
652531;39
652739;112
652771;64
652937;37
653205;50
655858;487
656160;37
658602;258
658828;13
659111;761
659204;382
661269;26
661304;202
663340;173
665085;118
672952;29
675771;19
677058;46
677207;249
677871;29
677877;44
683562;29
687252;80
687601;31
688454;540
689880;44
690617;102
693990;166
693996;185
694002;195
694003;235
694276;37
694513;201
694575;368
695280;30
696035;13
698335;29
699347;214
700769;444
701366;42
703466;199
704709;97
705263;133
707261;1891
707406;305
707630;2760
708436;19
708993;1628
710283;154
710779;52
710798;67
711861;181
712358;160
712570;2
712841;59
714994;1665
715825;41
716624;8
717594;323
718143;55
718388;62
718965;1818
718981;37
719125;217
719150;42
720327;50
720351;67
722707;305
722787;1818
722962;1616
723015;1675
723264;160
725519;326
726394;192
728597;53
728615;460
728617;318
731581;972
732594;458
732690;50
735736;1195
737394;27
738282;208
739310;1149
739717;109
740256;35
740265;240
740847;215
742570;213
743309;26
743572;145
744423;225
744426;225
748230;264
748234;208
748561;208
748672;71
749251;199
750049;51
750961;229
752361;50
752461;1252
753926;231
754072;1279
754493;248
760091;243
762626;149
765861;9
765970;31
766047;12
766401;50
773721;19
780767;450
780829;651
782633;13
782859;264
782887;243
782929;34
783171;220
783603;99
784435;102
786880;169
789301;154
789384;16
791552;16
791556;28
796211;52
804975;643
804989;243
807575;138
807953;173
823668;6
830674;484
830675;876
834976;40
835791;63
837433;146
838574;5722
840771;252
859889;109
869659;146
871401;38
871404;54
876382;38
882088;259
885821;37
886689;63
915820;37
924694;143
934836;214
935313;12
943648;43
945085;179
948795;202
953670;37
953672;134
961002;2776
961013;2252
961018;1799
961379;7125
962051;3017
962191;1789
962793;748
963403;548
964582;52
965872;255
966027;2649
966048;1359
966178;1395
966204;7999
966980;49
966990;59
967683;9
968476;999
969503;6999
971428;513
972333;5578
972764;1341
973109;709
975980;40
980927;478
982841;607
982897;25
983363;376
985979;22
986752;993
987920;978
990892;349
996342;11
996505;121
996580;114
996585;119
998032;66
998375;9
998414;290
998435;156
1000595;136
1001214;245
1001788;138
1001792;130
1003443;378
1004706;41
1005721;238
1014876;227
1015455;285
1016112;266
1032329;58
1032676;53
1038084;1320
1038217;2575
1038248;780
1038483;94
1038508;631
1038509;437
1038603;2322
1039410;3581
1039632;265
1039649;2165
1039845;94
1040208;94
1040521;296
1040676;447
1041258;615
