116;9
462;36
1300;87
1665;156
2485;156
2495;116
4376;9
4936;178
6152;9
6786;48
7412;9
8745;211
8921;186
8967;191
9639;33
10356;156
10741;178
10770;191
10930;170
11056;145
11242;183
11350;120
11753;9
11936;112
12304;186
12594;120
12662;25
12670;179
13078;9
13451;107
14130;212
14326;184
15014;146
15532;145
15625;236
15883;93
16193;76
16873;63
16977;246
17197;242
17198;260
17241;48
17358;242
17852;116
18068;203
18157;260
19058;32
19064;81
19165;242
19172;260
20701;212
21002;36
21428;112
22404;152
22473;97
22474;128
23174;232
23448;31
23699;19
24101;130
24204;36
24279;260
24283;149
25026;242
25155;69
25429;211
26079;36
26085;120
26156;242
26203;112
26622;266
26680;107
26687;19
26868;40
26900;93
28265;191
30011;260
30621;128
30979;246
31158;48
31777;249
31988;31
32560;93
34326;28
35465;29
35719;48
36156;272
36244;184
38255;247
38384;18
38767;48
39275;31
39504;186
39639;218
39749;70
39769;72
40238;53
40462;282
41279;263
41669;8
41931;40
42077;142
42081;76
42269;212
42746;87
43451;244
43563;128
43580;56
44037;29
44119;178
44162;48
44862;20
45279;18
45981;83
46295;105
46440;179
46582;137
46860;48
47082;178
47289;15
47476;127
48611;244
49629;38
50179;227
50597;36
50603;206
50654;64
50979;183
52206;67
52223;179
52805;161
52883;269
53070;198
53306;211
53358;15
53930;260
54568;200
54750;53
55230;33
55803;266
55833;212
56018;183
56020;227
56027;72
56074;5
56897;112
57035;228
57822;53
57873;80
58620;197
58849;80
58925;117
59581;178
60255;123
60295;19
60652;250
61042;48
61043;9
62264;162
62359;207
63204;20
63867;197
64061;215
64248;25
65094;186
65171;40
65330;182
65520;40
65706;200
65796;235
66239;187
66316;126
66717;233
66721;137
66847;36
66907;197
67589;23
67610;25
67651;203
67695;181
67846;133
68695;38
68779;31
69374;242
69411;241
69580;182
69807;112
70480;48
70539;24
70835;84
70843;142
71125;9
71633;178
71875;220
72009;75
72731;93
72884;33
73036;105
74972;29
75197;80
75374;112
75524;200
75531;117
75725;94
76163;19
76685;246
77789;19
77798;117
77804;60
77809;78
77858;124
78297;178
78721;184
78798;40
80195;260
80867;95
81290;87
82989;171
83783;245
85391;242
85447;262
86372;75
87909;70
89755;38
91032;31
91507;260
91540;156
91739;109
94426;121
94428;212
94490;179
95547;53
95561;226
95643;121
96024;157
98124;141
98312;9
98434;172
98690;14
99115;129
99119;62
99595;25
100167;212
100715;111
100991;31
101498;10
101775;20
102090;1
102663;38
102983;64
105355;51
106457;127
106553;222
106750;48
106892;186
106904;112
107716;38
108111;90
109864;187
110052;4
110084;95
110181;146
110250;42
111036;132
111050;262
111243;78
111244;60
111532;183
113299;214
113813;235
114826;268
115520;200
117271;155
117504;213
118257;189
118521;171
118847;203
119172;268
120742;21
121224;76
122995;48
123256;126
123992;165
124286;97
124450;225
124911;222
125766;9
128004;129
128618;9
128855;29
129001;76
129738;55
129794;187
130445;191
130651;278
130807;178
130831;145
131509;212
132046;79
132551;22
132974;246
133806;55
134791;215
135623;156
135657;2
137719;40
138295;272
138400;126
138512;38
138514;263
139777;149
140901;76
140994;115
142746;8
142907;212
144134;40
144233;163
144290;80
145028;48
145029;93
147136;117
148487;55
150669;7
150695;112
152065;134
152687;25
155553;105
157279;248
158658;179
161725;163
162173;105
163106;216
164740;246
165584;242
165888;80
167283;141
167810;88
168995;247
170291;133
171195;234
171827;184
171926;15
173153;231
173574;120
174159;144
174372;4
175157;216
175166;116
175577;203
176335;274
176766;55
177113;269
179927;36
184550;171
185348;48
187456;2
187467;234
188102;152
190699;177
190951;90
191515;20
192282;80
193210;127
194658;4
197806;102
197878;184
197885;205
198191;138
198675;229
198909;180
200269;265
201384;282
202225;48
203550;111
203848;212
204735;259
206959;223
207364;220
208019;245
208148;94
208427;16
208463;68
209792;201
210191;189
210960;197
212154;125
212195;59
212309;233
212349;93
212492;182
212708;107
213800;130
215633;225
216549;22
216613;204
216692;177
216700;184
216975;228
218565;281
219671;75
219975;255
220265;126
220538;87
220932;146
222326;197
223742;34
224304;201
224441;270
225937;203
226811;253
227382;254
227631;244
229484;80
229503;277
230295;199
230566;71
230668;83
232809;12
232845;206
233221;268
233598;191
233705;104
234368;258
234964;18
235191;54
236378;130
237009;77
237659;94
240803;135
240950;213
242218;258
242831;75
243062;152
243406;15
244297;70
244982;266
247637;181
247998;206
248998;90
249347;7
249768;79
251967;177
253295;243
253793;41
253825;263
255440;187
256099;282
256868;250
257812;124
257950;137
258023;273
258450;190
258727;178
259553;172
259565;20
259751;266
259758;10
260189;180
260561;16
260564;203
261291;248
261854;191
262124;172
262225;183
262292;41
262621;22
263027;119
263127;222
264062;33
264593;138
264718;143
265718;180
265805;222
266437;162
268516;33
269041;157
269566;23
269633;21
269656;172
271943;90
272947;98
273156;59
273452;72
274525;52
282542;68
289449;129
289682;268
289989;142
290529;240
294157;15
297123;83
297714;18
297887;279
299279;132
303846;81
304942;181
304946;80
306401;12
307896;133
308456;145
308466;178
310148;62
310851;231
310961;97
311978;142
312106;97
312433;156
313595;9
314131;244
315637;116
316222;192
316228;63
316310;61
322302;128
323422;1
323917;108
325870;239
327856;20
328616;61
328636;102
334274;38
334308;93
334542;88
335726;114
336020;24
337116;271
337245;25
337632;55
338039;133
338453;278
338970;76
339204;213
340740;115
341736;39
342283;195
342289;85
343623;96
343669;14
344636;281
345407;267
345414;179
345477;63
345687;112
345942;150
346828;176
349828;181
350248;81
351100;229
353113;276
356330;136
357096;276
359859;9
359951;138
362028;206
363888;202
364302;197
364780;31
365525;86
365916;74
367353;148
367561;15
368267;181
371645;127
371706;156
372105;8
374896;241
377067;154
377947;129
378615;52
380098;62
380196;179
381148;10
382489;214
386060;67
387569;20
388445;59
388647;277
388919;54
390331;248
390607;20
395611;168
395695;83
405807;218
406045;53
407498;185
409656;90
412016;223
413610;132
415953;273
417323;25
423587;18
424131;172
424291;276
425426;187
427092;120
427643;2
429338;167
429476;84
429995;33
430516;181
432597;143
433371;190
434912;56
434959;272
435201;14
437551;239
438486;93
439398;110
443049;282
444046;231
444497;279
444498;226
444799;188
445452;18
445775;242
447605;83
449574;116
449631;272
450008;15
450199;23
450729;75
450787;269
450898;123
451949;242
451953;117
452404;9
454843;16
455321;256
456516;5
457716;179
460562;23
462852;24
463991;9
465447;55
476643;54
477514;77
480827;239
481128;48
481218;70
482348;121
482989;219
485187;103
485561;121
486650;143
488966;64
489061;32
492604;18
493283;130
493367;266
493983;22
495502;20
496340;128
497804;145
497891;141
498337;159
498344;67
498888;178
501523;112
504417;76
504598;104
504682;251
505174;74
505258;232
505380;29
506808;44
507269;48
507276;93
508314;70
508486;9
510373;172
516992;182
519208;31
519852;191
522855;41
524125;68
524814;23
527735;32
527905;152
528462;94
528628;68
528648;172
528714;197
531145;75
531503;29
531648;10
531732;190
531904;98
535513;7
535634;80
536141;262
536251;233
536982;266
538968;87
539208;242
539542;48
541486;55
549132;190
552280;53
552645;130
553560;187
553867;244
556499;203
556886;168
557675;180
557991;98
559368;31
561771;128
563831;114
566496;246
566594;67
566633;204
566698;5
567990;133
568433;104
568460;179
569826;169
570654;54
570736;239
575333;266
575510;121
575676;121
577468;225
579434;281
581654;222
581795;163
582057;16
582755;169
582899;241
584285;174
587360;183
587855;212
587897;145
588547;269
588568;36
589337;269
591676;76
592813;70
594282;133
594802;172
595005;32
596116;203
596225;80
596321;74
598537;48
599699;263
599869;75
600401;112
601051;48
602111;105
604347;176
607357;142
609066;191
609301;251
613855;247
614515;150
615017;186
615787;216
616179;208
616912;112
617608;186
621305;59
621703;180
621864;256
622172;80
622815;53
625290;176
626054;62
626710;126
626884;189
627407;126
628538;211
629286;268
629836;88
630051;44
630087;32
630510;146
630598;141
630814;203
631313;32
635965;244
639681;55
639862;235
640210;111
640374;267
641344;203
641573;66
647583;165
650621;112
651894;152
651901;211
652027;93
652771;281
653217;150
655858;142
658602;137
658828;4
661269;263
661304;156
664774;203
665085;94
667214;94
671808;40
675627;102
675771;56
677207;31
677211;156
677871;279
681430;186
683562;130
687252;25
687595;226
687661;268
688454;197
689880;266
690391;76
690393;142
690617;94
694003;183
694513;116
694575;76
695280;176
696035;136
698335;216
699347;156
700769;186
703466;239
704122;195
707277;165
707406;186
707508;133
708993;223
710779;23
710798;25
712364;221
712404;130
712570;22
712652;212
712841;105
713014;203
713336;7
713463;68
715825;266
718143;204
718222;142
718556;48
718981;165
719020;203
719125;40
719150;133
720327;23
720351;25
722803;165
722962;93
723264;79
723270;221
725519;64
726394;116
726613;40
727917;80
728617;76
728854;248
728941;80
731581;112
735684;126
736918;105
737394;263
738282;40
738328;163
739310;223
740265;268
740847;116
741737;29
743046;179
743572;203
744250;156
744423;233
748233;268
748234;233
748561;137
748672;179
749251;116
750068;25
750961;31
752361;133
753644;208
753911;99
754758;31
755540;55
757839;77
760257;23
763245;50
764751;228
765861;187
765970;235
773790;202
779832;62
780767;169
780829;197
782376;113
782633;66
782887;268
782929;99
783171;44
786880;21
791550;270
791556;66
799491;196
805361;97
807575;128
818917;231
819199;59
823668;208
830463;232
834976;20
834979;10
835791;105
835813;180
837433;83
842627;87
843761;127
859889;172
869645;266
869659;212
871401;20
871404;123
876382;276
882088;222
885821;180
886689;213
924694;97
934836;68
935313;14
942081;20
945085;97
953670;55
953753;156
953763;179
961002;48
961325;242
961379;262
962191;70
964582;129
965867;272
965872;31
966048;9
966050;93
966178;9
966980;62
967683;22
967731;254
967856;107
967889;78
968417;246
969368;50
969550;75
971634;21
972764;36
973109;244
974458;223
975980;62
982841;118
982897;95
983363;243
984296;54
986752;277
987378;186
987920;112
988015;20
990892;64
996505;146
996580;275
996585;172
996945;211
998375;191
998414;222
998435;220
1000316;268
1000503;213
1000629;239
1000956;90
1001519;197
1001788;97
1001792;128
1004706;180
1004710;190
1005721;31
1012631;69
1012632;164
1014876;156
1015455;282
1016112;225
1025446;248
1032329;123
1032676;98
1034604;172
1038217;48
1038247;93
1038509;76
1039410;48
1040055;268
