116;1699
462;1375
1300;2238
1665;212
2485;203
2495;202
4376;1513
4936;574
6152;1490
6786;2760
7412;1697
8745;2085
8921;279
8967;12
9639;19
10356;202
10741;545
10770;11
10930;199
11056;215
11242;340
11350;1553
11753;1599
11936;971
12304;321
12594;1799
12662;69
12670;49
13078;1699
13451;497
14130;139
14326;137
15014;123
15532;239
15625;228
15883;1701
16193;340
16873;8
16977;1613
17197;2799
17198;1499
17241;2887
17358;2278
17852;205
18068;140
18157;1217
19058;30
19064;39
19165;3106
19172;1284
20701;134
21002;1308
21428;1099
22404;5999
22473;169
22474;159
23174;20
23448;236
23699;706
24101;31
24204;1324
24279;1499
24283;1399
25026;2699
25155;484
25429;1975
26079;1299
26085;1999
26156;2513
26203;1079
26622;44
26680;539
26687;699
26868;230
26900;1463
28265;10
30011;1399
30621;160
30979;1679
31158;2760
31777;121
31988;226
32560;1559
34326;225
35465;1992
35719;2770
36156;233
36244;159
38255;2099
38384;1210
38767;2921
39275;243
39504;319
39639;45
39749;1842
39769;14
40238;200
40462;285
41279;42
41669;76
41931;231
42077;478
42081;246
42269;148
42746;2400
43451;653
43563;149
43580;21
44037;1972
44119;490
44162;2849
44862;40
45279;1207
45981;132
46295;75
46440;56
46582;193
46860;2775
47082;504
47289;316
47476;141
48611;675
49629;856
50179;184
50597;1319
50603;12
50654;342
50979;229
52206;547
52223;75
52805;30
52883;15
53070;275
53306;2007
53358;313
53930;1392
54568;1179
54750;238
55230;45
55803;45
55833;158
56018;322
56020;273
56027;8
56074;64
56897;982
57035;269
57822;199
57873;59
58620;518
58849;78
58925;292
59581;699
60255;53
60295;702
60652;2055
61042;2999
61043;1799
62264;75
62359;60
63204;41
63867;535
64061;80
64248;64
65094;378
65171;221
65330;249
65520;195
65706;1202
65796;49
66239;11
66316;491
66717;190
66721;190
66847;1333
66907;485
67589;71
67610;88
67651;162
67695;66
67846;55
68695;799
68779;224
69374;2799
69411;47
69580;249
69807;940
70480;2598
70539;33
70835;224
70843;520
71125;1728
71633;514
71875;182
72009;8999
72731;1499
72884;20
73036;78
74972;1999
75197;51
75374;997
75524;1189
75531;293
75725;128
76163;699
76685;1679
77789;659
77798;269
77804;399
77809;549
77858;365
78297;634
78721;155
78798;209
80195;1470
80867;29
81290;2233
82989;1399
83783;82
85391;2317
85447;9456
86372;8999
87909;1999
89755;969
91032;209
91507;1299
91540;189
91739;24
94426;18
94428;135
94490;52
95547;229
95561;49
95643;19
96024;15
98124;71
98312;1799
98434;111
98690;14
99115;53
99119;72
99595;70
100167;141
100715;647
100991;234
101498;63
101775;37
102090;1349
102663;869
102983;343
105355;27
106457;149
106553;267
106750;2650
106892;338
106904;998
107716;899
108111;1246
109864;10
110052;16
110084;34
110181;142
110250;2999
111036;699
111050;9699
111243;549
111244;399
111532;299
113299;11
113813;28
114826;263
115520;949
117271;1218
117504;75
118257;167
118521;1399
118847;144
119172;303
120742;200
121224;277
122995;2744
123256;488
123992;36
124286;170
124450;284
124911;269
125766;1619
128004;59
128618;1751
128855;1988
129001;256
129738;43
129794;9
130445;8
130651;17
130807;699
130831;299
131509;149
132046;141
132551;5
132974;1729
133806;51
134791;75
135623;207
135657;30
137719;215
138295;223
138400;532
138512;899
138514;31
139777;1399
140901;365
140994;28
142746;69
142907;132
144134;199
144233;35
144290;47
145028;2984
145029;1804
147136;269
148487;40
150669;38
150695;979
152065;36
152687;75
155553;55
157279;73
158658;73
161725;32
162173;61
163106;24
164740;1569
165584;2699
165888;59
167283;71
167810;33
168995;2016
170291;39
171195;59
171827;138
171926;304
173153;849
173574;1998
174159;25
174372;21
175157;26
175166;209
175577;121
176335;1041
176766;52
177113;30
179927;1191
184550;1261
185348;2799
187456;23
187467;63
188102;5090
190699;99
190951;1366
191515;39
192282;70
193210;159
194658;21
197806;35
197878;149
197885;99
198191;1206
198675;34
198909;42
200269;10
201384;293
202225;2890
203550;578
203848;168
204735;533
206959;1326
207364;149
208019;48
208148;131
208427;408
208463;240
209792;20
210191;158
210960;490
212154;15
212195;43
212309;193
212349;1899
212492;249
212708;449
213800;23
215633;262
216549;6
216613;85
216692;99
216700;149
216975;233
218565;34
219671;8999
219975;39
220265;512
220538;2399
220932;135
222326;443
223742;17
224304;20
224441;69
225937;129
226811;13
227382;5999
227631;703
229484;59
229503;1251
230295;12
230566;45
230668;135
232809;40
232845;14
233221;270
233598;11
233705;152
234368;47
234964;1296
235191;35
236378;35
237009;38
237659;127
240803;356
240950;78
242218;47
242831;8999
243062;4499
243406;373
244297;1999
244982;40
247637;58
247998;11
248998;1225
249347;29
249768;141
251967;62
253295;285
253793;172
253825;29
255440;11
256099;243
256868;2124
257812;394
257950;273
258023;44
258450;125
258727;699
259553;127
259565;45
259751;38
259758;45
260189;48
260561;417
260564;149
261291;88
261854;13
262124;115
262225;281
262292;281
262621;5
263027;22
263127;256
264062;24
264593;1136
264718;223
265718;36
265805;277
266437;71
268516;24
269041;28
269566;48
269633;168
269656;92
271943;1502
272947;51
273156;39
273452;10
274525;64
282542;216
289449;59
289682;254
289989;458
290529;59
294157;325
297123;129
297714;1097
297887;34
299279;899
303846;35
304942;62
304946;63
306401;39
307896;39
308456;249
308466;700
310148;50
310851;1179
310961;169
311978;512
312106;99
312433;238
313595;1649
314131;744
315637;215
316222;39
316228;8
316310;29
322302;159
323422;1299
323917;9
325870;250
327856;32
328616;17
328636;37
334274;1029
334308;1620
334542;65
335726;1266
336020;20
337116;46
337245;73
337632;37
338039;30
338453;20
338970;252
339204;65
340740;29
341736;53
342283;239
342289;65
343623;20
343669;19
344636;29
345407;15
345414;56
345477;11
345687;1037
345942;27
346828;26
349828;60
350248;21
351100;44
353113;69
356330;19
357096;59
359859;1585
359951;1344
362028;14
363888;29
364302;511
364780;267
365525;106
365916;17
367353;103
367561;343
368267;53
371645;145
371706;199
372105;79
374896;58
377067;20
377947;53
378615;96
380098;50
380196;99
381148;58
382489;14
386060;903
387569;34
388445;37
388647;999
388919;29
390331;77
390607;42
395611;28
395695;119
405807;42
406045;199
407498;30
409656;1319
412016;1497
413610;1206
415953;50
417323;159
423587;1230
424131;115
424291;59
425426;2
427092;1769
427643;29
429338;179
429476;220
429995;19
430516;55
432597;164
433371;111
434912;23
434959;190
435201;14
437551;232
438486;1899
439398;267
443049;255
444046;1120
444497;25
444498;30
444799;89
445452;1298
445775;2689
447605;112
449574;197
449631;200
450008;312
450199;50
450729;8549
450787;17
450898;59
451949;2941
451953;292
452404;1565
454843;342
455321;43
456516;78
457716;56
460562;69
462852;19
463991;1422
465447;49
476643;37
477514;38
480827;195
481128;2811
481218;1899
482348;19
482989;13
485187;21
485561;31
486650;165
488966;371
489061;41
492604;1039
493283;28
493367;40
493983;3
495502;35
496340;176
497804;242
497891;62
498337;273
498344;648
498888;542
501523;1025
504417;365
504598;147
504682;967
505174;15
505258;16
505380;1847
506808;238
507269;2703
507276;1686
508314;1851
508486;1382
510373;113
516992;248
519208;253
519852;13
522855;175
524125;226
524814;53
527735;19
527905;5266
528462;93
528628;235
528648;108
528714;509
531145;7998
531503;1954
531648;39
531732;109
531904;49
535513;37
535634;62
536141;7100
536251;198
536982;43
538968;2199
539208;2377
539542;2841
541486;38
549132;123
552280;248
552645;24
553560;6
553867;612
556499;145
556886;37
557675;36
557991;59
559368;252
561771;160
563831;1187
566496;1729
566594;721
566633;59
566698;53
567990;42
568433;206
568460;57
569826;449
570654;32
570736;233
575333;43
575510;20
575676;16
577468;296
579434;29
581654;263
581795;30
582057;363
582755;450
582899;75
584285;89
587360;261
587855;142
587897;227
588547;17
588568;1539
589337;18
591676;319
592813;1749
594282;41
594802;101
595005;27
596116;142
596225;79
596321;16
598537;2849
599699;27
599869;9899
600401;919
601051;2899
602111;65
604347;10
607357;470
609066;13
609301;1026
613855;2099
614515;40
615017;373
615787;41
616179;11
616912;978
617608;437
621305;39
621703;39
621864;39
622172;76
622815;198
625290;22
626054;49
626710;491
626884;207
627407;496
628538;2035
629286;237
629836;37
630051;228
630087;27
630510;129
630598;71
630814;127
631313;26
635965;667
639681;40
639862;24
640210;604
640374;14
641344;127
641573;11
647583;37
650621;919
651894;5578
651901;2139
652027;1616
652771;64
653217;52
655858;487
658602;258
658828;13
661269;26
661304;202
664774;141
665085;118
667214;108
671808;234
675627;36
675771;19
677207;249
677211;212
677871;29
681430;318
683562;29
687252;80
687595;46
687661;220
688454;540
689880;44
690391;301
690393;471
690617;102
694003;235
694513;201
694575;368
695280;30
696035;13
698335;29
699347;214
700769;444
703466;199
704122;204
707277;38
707406;305
707508;41
708993;1628
710779;52
710798;67
712364;177
712404;24
712570;2
712652;136
712841;59
713014;128
713336;39
713463;206
715825;41
718143;55
718222;478
718556;2751
718981;37
719020;128
719125;217
719150;42
720327;50
720351;67
722803;37
722962;1616
723264;160
723270;178
725519;326
726394;192
726613;209
727917;68
728617;318
728854;79
728941;59
731581;972
735684;480
736918;70
737394;27
738282;208
738328;49
739310;1149
740265;240
740847;215
741737;1961
743046;59
743572;145
744250;205
744423;225
748233;275
748234;208
748561;208
748672;71
749251;199
750068;65
750961;229
752361;50
753644;7
753911;34
754758;220
755540;42
757839;40
760257;61
763245;153
764751;278
765861;9
765970;31
773790;31
779832;45
780767;450
780829;651
782376;1356
782633;13
782887;243
782929;34
783171;220
786880;169
791550;60
791556;28
799491;17
805361;147
807575;138
818917;1054
819199;34
823668;6
830463;17
834976;40
834979;40
835791;63
835813;37
837433;146
842627;2182
843761;135
859889;109
869645;43
869659;146
871401;38
871404;54
876382;38
882088;259
885821;37
886689;63
924694;143
934836;214
935313;12
942081;34
945085;179
953670;37
953753;201
953763;55
961002;2776
961325;2355
961379;7125
962191;1789
964582;52
965867;226
965872;255
966048;1359
966050;1349
966178;1395
966980;49
967683;9
967731;6700
967856;440
967889;699
968417;1729
969368;242
969550;9297
971634;173
972764;1341
973109;709
974458;1650
975980;40
982841;607
982897;25
983363;376
984296;34
986752;993
987378;349
987920;978
988015;35
990892;349
996505;121
996580;114
996585;119
996945;2023
998375;9
998414;290
998435;156
1000316;278
1000503;65
1000629;203
1000956;1334
1001519;500
1001788;138
1001792;130
1004706;41
1004710;109
1005721;238
1012631;404
1012632;762
1014876;227
1015455;285
1016112;266
1025446;81
1032329;58
1032676;53
1034604;96
1038217;2575
1038247;1620
1038509;437
1039410;3581
1040055;363
