116;9
462;36
1286;48
1300;87
1665;156
2495;116
2503;182
2838;93
2842;9
7412;9
7917;9
8745;211
8941;249
9639;33
10082;118
10356;156
10452;116
10741;178
10770;191
10930;170
11056;145
11368;260
11605;87
11753;9
11936;112
12272;204
12304;186
13123;53
13451;107
14249;176
14326;184
15014;146
15532;145
15625;236
16076;222
16193;76
16873;63
16977;246
17016;218
17197;242
17358;242
17909;269
18831;18
19058;32
19064;81
19172;260
20701;212
21414;31
21428;112
21489;183
21897;179
22404;152
22474;128
23174;232
23483;156
23699;19
23702;254
24101;130
24204;36
24279;260
24283;149
24878;117
25155;69
25629;31
26085;120
26687;19
26868;40
26900;93
27442;246
27888;246
28660;156
29945;183
30011;260
30605;31
30621;128
31988;31
32560;93
34170;87
34326;28
35465;29
37775;95
38346;251
38350;111
39275;31
39504;186
39639;218
39769;72
40462;282
41144;93
41236;25
41669;8
42269;212
43451;244
43512;101
43580;56
43585;62
44037;29
44862;20
45057;16
45981;83
46860;48
47126;168
47289;15
47476;127
48490;118
48982;232
49629;38
49946;212
50040;64
50301;80
50597;36
50603;206
50950;186
51474;181
52206;67
52805;161
52883;269
53070;198
53262;51
54249;249
54750;53
55499;120
55803;266
55833;212
56018;183
56020;227
56027;72
56509;260
56897;112
57035;228
57822;53
57873;80
58849;80
58925;117
60255;123
61033;93
61042;48
61043;9
61667;93
62264;162
64061;215
64248;25
65072;93
65094;186
65520;40
65706;200
65766;105
66316;126
66717;233
66847;36
66907;197
67079;61
67589;23
67695;181
68331;223
68478;93
69580;182
70480;48
70835;84
71875;220
72009;75
72731;93
72884;33
73036;105
73811;142
73820;76
74642;266
74808;4
74972;29
75197;80
75531;117
75649;260
75725;94
76163;19
77789;19
77809;78
77858;124
78297;178
78721;184
80340;107
80867;95
81290;87
82989;171
83783;245
85447;262
86372;75
86543;187
87079;179
89342;145
91010;94
91032;31
91540;156
94426;121
94428;212
94465;40
94490;179
94629;123
94924;98
95123;186
95561;226
95643;121
96024;157
97641;117
98016;23
98124;141
98690;14
99115;129
99119;62
99323;220
99913;34
100167;212
100990;156
100991;31
101039;224
101499;190
101520;180
101775;20
101866;23
102090;1
102983;64
103058;8
105355;51
106457;127
106892;186
107990;93
108111;90
109481;95
110052;4
110084;95
110181;146
110250;42
110949;267
111036;132
111243;78
112082;76
113299;214
115044;142
115520;200
116550;64
117271;155
117492;179
118257;189
118521;171
119172;268
120742;21
121224;76
122012;144
123256;126
123992;165
124417;272
124450;225
124911;222
125622;179
125629;77
125766;9
126977;116
128004;129
128618;9
129738;55
129794;187
130445;191
130651;278
130807;178
130831;145
132045;221
132046;79
132551;22
132974;246
134791;215
135161;4
135623;156
135965;80
138295;272
138512;38
138514;263
139777;149
140901;76
140994;115
141207;178
142075;116
142746;8
144290;80
144487;9
145028;48
145029;93
147193;142
147364;76
149664;142
150429;282
150695;112
151669;205
151697;58
155916;215
156039;179
157279;248
158389;25
160714;128
160722;56
162173;105
163106;216
164325;167
165584;242
165809;213
165888;80
167303;201
168995;247
169073;176
171827;184
171926;15
172620;31
173153;231
173402;248
173574;120
174097;186
174159;144
174372;4
175403;187
175577;203
175647;163
176314;138
176335;274
176727;116
179927;36
184335;254
184550;171
185177;180
185348;48
186813;216
187424;148
188102;152
188716;116
189480;161
189481;280
190699;177
191014;123
191515;20
193210;127
197268;172
197806;102
198114;98
198191;138
198477;278
198675;229
198909;180
199200;39
200269;265
202225;48
203550;111
204735;259
206816;42
207364;220
207383;141
207399;203
208463;68
208968;18
210191;189
210611;230
210960;197
212154;125
212195;59
212309;233
212349;93
212492;182
213800;130
215633;225
216549;22
216613;204
216692;177
216700;184
216840;94
216975;228
217883;142
218565;281
219639;158
219671;75
219975;255
220265;126
220538;87
220932;146
222326;197
222329;82
223742;34
223807;126
224304;201
224441;270
225112;23
225937;203
227113;18
229503;277
229680;114
230295;199
230566;71
230668;83
231417;230
232845;206
233207;84
233221;268
233598;191
241802;261
242070;225
242428;161
242448;127
242831;75
243062;152
243406;15
244121;204
244294;211
244297;70
244982;266
247637;181
247998;206
248350;62
249601;223
249768;79
250281;56
251919;250
252889;233
252890;137
253295;243
253737;130
253825;263
254040;95
255440;187
256099;282
257809;175
257812;124
257814;68
257950;137
258023;273
258450;190
258618;275
259561;57
259565;20
259751;266
259758;10
259766;98
260189;180
260561;16
260564;203
262124;172
262174;123
263027;119
263032;108
263788;207
264593;138
264718;143
265805;222
266437;162
269041;157
269633;21
271943;90
272681;181
272810;123
273156;59
274281;239
274525;52
280138;49
281325;181
282542;68
283643;170
285523;223
286658;263
287443;142
289449;129
290529;240
294777;15
294781;133
296733;62
297887;279
297973;125
300567;40
304231;142
304946;80
305903;232
306401;12
307896;133
307902;278
308466;178
310961;97
312106;97
313595;9
316222;192
316228;63
316310;61
316337;214
320383;186
321265;161
322302;128
322893;36
323422;1
324528;229
325869;54
325870;239
327856;20
328544;163
328558;241
328616;61
333524;133
334308;93
334542;88
337116;271
337245;25
337632;55
338039;133
338453;278
338970;76
339204;213
340226;213
340740;115
341736;39
342283;195
342289;85
344207;102
344633;61
344636;281
345255;214
345474;208
345477;63
346484;38
346787;93
348446;266
349946;234
352745;192
353113;276
353244;106
359859;9
361878;203
362028;206
364185;180
366420;234
367353;148
367561;15
371645;127
372105;8
374896;241
375046;272
377256;56
378615;52
378777;167
380098;62
380196;179
382489;214
386060;67
386815;133
387088;133
387569;20
388647;277
390331;248
390607;20
395611;168
395695;83
396432;109
396658;233
396659;137
397498;146
397548;54
397553;275
397828;251
404446;34
406045;53
407498;185
408773;14
409463;110
409656;90
412194;110
413459;144
414993;34
415953;273
417323;25
421199;112
421700;277
422704;28
422917;165
424131;172
424291;276
424494;150
424508;219
426072;145
427643;2
429338;167
429476;84
429995;33
432597;143
434193;126
434912;56
435439;186
437545;59
437551;239
438488;38
441188;56
443049;282
444497;279
444498;226
444799;188
445305;278
446883;20
447420;170
449154;229
449685;247
450008;15
450199;23
450898;123
451953;117
452404;9
453888;253
454843;16
454998;126
455321;256
455411;240
456516;5
457716;179
460562;23
462852;24
463855;270
463991;9
465447;55
475385;55
476643;54
480764;25
482348;121
482896;266
482989;219
485176;174
485561;121
486650;143
486717;51
486882;230
487028;242
489061;32
489072;81
490311;178
492604;18
492766;266
493283;130
495502;20
495606;280
497804;145
498337;159
498888;178
501518;186
504417;76
504598;104
504630;25
504653;7
504682;251
506808;44
507269;48
508314;70
508486;9
513637;235
515366;178
521601;180
522855;41
522893;165
524125;68
524672;137
527735;32
527905;152
528628;68
528648;172
528714;197
531027;184
531145;75
531732;190
531904;98
534897;25
535510;165
536141;262
538968;87
539208;242
539542;48
541486;55
543204;246
546848;179
551336;70
552072;36
552645;130
553560;187
553867;244
555331;57
556886;168
557675;180
557991;98
558558;20
559065;156
561115;172
561771;128
563365;239
563507;112
563831;114
564088;16
564602;64
566594;67
567691;246
567990;133
568433;104
568460;179
570736;239
572112;187
574876;33
575333;266
575510;121
575676;121
577468;225
578166;76
578504;212
579462;270
579483;14
580001;40
580321;63
580439;179
580511;61
581654;222
582000;93
582057;16
582448;244
582755;169
582899;241
583588;101
587897;145
588568;36
589337;269
591676;76
591677;142
592203;227
592808;87
592813;70
596072;212
596225;80
596321;74
596519;156
596929;152
598524;29
601025;93
601037;9
601051;48
601988;68
602111;105
604347;176
605090;212
605272;94
607899;15
609066;191
609301;251
610417;226
610898;70
614515;150
616179;208
616912;112
617112;129
621305;59
621864;256
623745;197
625970;197
626884;189
626952;7
627407;126
628538;211
629314;225
630087;32
630510;146
630544;102
630595;128
631647;231
639681;55
639697;187
640210;111
641344;203
645967;97
647568;70
647583;165
650621;112
650722;186
651024;215
651894;152
651901;211
652531;201
652739;270
652771;281
653217;150
656160;20
658602;137
658828;4
659111;244
659204;76
661304;156
663340;21
665085;94
667282;79
667434;221
671808;40
672952;279
675557;109
675627;102
675771;56
677207;31
677871;279
681430;186
683562;130
687119;121
687252;25
687394;22
687601;279
688454;197
688532;14
688608;126
690103;133
690391;76
690393;142
693996;221
694002;227
694003;183
694276;134
695280;176
698335;216
699347;156
700769;186
701366;256
705263;203
707277;165
707508;133
707862;186
711861;21
712364;221
712404;130
712570;22
712841;105
713336;7
713528;22
714994;9
716624;187
718370;76
718556;48
718965;70
719125;40
719150;133
720327;23
720351;25
722091;112
722707;186
722803;165
722962;93
723264;79
723270;221
725519;64
726394;116
726613;40
727751;118
727917;80
728617;76
728854;248
728941;80
731581;112
732690;181
735684;126
738282;40
739310;223
739717;190
740256;99
740847;116
741737;29
742570;156
744250;156
744423;233
745312;114
747532;130
748234;233
748561;137
748672;179
749251;116
750049;23
750961;31
751697;228
753644;208
753926;268
754072;149
754493;228
754758;31
760257;23
763245;50
765861;187
766401;218
773721;74
773790;202
780767;169
782402;228
782859;225
782929;99
783141;104
783171;44
783603;188
784435;190
789384;56
791495;92
791550;270
791552;224
791556;66
796211;218
799491;196
804975;67
804989;44
805361;97
805465;104
818917;231
819199;59
823668;208
830675;164
835791;105
835813;180
837433;83
838574;152
842627;87
843761;127
859889;172
869659;212
870544;10
876370;106
902089;179
915820;216
934836;68
935313;14
941929;172
942081;20
943648;62
945085;97
953670;55
953750;31
953794;230
961013;87
961018;70
962127;266
962793;38
963403;178
964582;129
965868;156
966027;48
966048;9
966050;93
966178;9
966990;56
967683;22
967889;78
968417;246
969368;50
969503;262
971428;178
972764;36
973109;244
974458;223
975980;62
980170;93
983363;243
984295;59
984296;54
985979;56
986752;277
987378;186
987920;112
988015;20
990386;20
990892;64
996256;15
996342;187
996505;146
996580;275
996945;211
997886;124
997888;259
998032;80
998126;179
998375;191
998414;222
1000503;213
1000595;203
1000629;239
1000899;25
1001788;97
1001824;253
1004706;180
1004710;190
1005721;31
1012631;69
1015915;126
1016112;225
1025446;248
1038084;9
1038217;48
1038248;38
1038483;25
1038509;76
1038603;29
1039459;225
1039500;203
1039632;156
1039649;93
1039845;105
1040055;268
1040208;80
1040520;137
1040521;233
