116;9
462;36
1286;48
1290;9
1300;87
2503;182
2580;178
2842;9
4936;178
5226;70
6127;112
6152;9
7331;67
7409;38
7412;9
7917;9
8745;211
8921;186
8941;249
10082;118
10356;156
10420;225
10741;178
10770;191
11056;145
11936;112
12272;204
12304;186
12594;120
12662;25
12670;179
12680;55
13078;9
13123;53
13451;107
14130;212
14249;176
14326;184
15014;146
15063;266
15532;145
16076;222
16870;165
16873;63
17016;218
17852;116
17909;269
18068;203
18157;260
19058;32
19064;81
20938;186
21002;36
21428;112
21489;183
21897;179
22474;128
23174;232
23448;31
23483;156
23699;19
24101;130
24283;149
25026;242
25155;69
25629;31
25631;156
26085;120
26156;242
26506;18
26622;266
26680;107
26687;19
27888;246
28265;191
28660;156
29945;183
30011;260
30605;31
31777;249
34170;87
34326;28
34794;133
35465;29
36156;272
36170;116
36244;184
37565;249
37775;95
38346;251
38384;18
39275;31
39504;186
39639;218
39749;70
40238;53
41236;25
41669;8
41931;40
42269;212
42746;87
43451;244
43512;101
43563;128
43580;56
43585;62
43958;160
44162;48
44862;20
45057;16
45377;251
45981;83
46295;105
46440;179
46860;48
47082;178
47126;168
47476;127
48611;244
48982;232
49239;179
50179;227
50301;80
50950;186
52206;67
52223;179
52805;161
52883;269
53070;198
53262;51
53930;260
53986;19
54249;249
54568;200
54750;53
56897;112
57035;228
57822;53
58849;80
60652;250
61033;93
61042;48
61043;9
62264;162
62359;207
63255;158
63867;197
64248;25
64721;105
65520;40
65706;200
66239;187
66316;126
66717;233
66721;137
66847;36
66907;197
67079;61
67695;181
67948;225
68478;93
68695;38
68697;93
68779;31
69411;241
69807;112
70835;84
70843;142
71875;220
72731;93
72742;48
72884;33
73811;142
73820;76
74642;266
74808;4
75197;80
75374;112
75531;117
75649;260
75722;228
76855;126
76899;179
76945;33
77798;117
77809;78
77858;124
78297;178
78578;248
78721;184
78798;40
78954;93
80195;260
80340;107
81290;87
85447;262
86543;187
87909;70
88359;67
89075;75
89342;145
89753;93
91032;31
91507;260
91540;156
91862;107
94465;40
94490;179
94629;123
95123;186
95547;53
95561;226
95643;121
98016;23
98124;141
98411;20
98434;172
98690;14
99913;34
100129;48
100167;212
100574;242
100715;111
100991;31
101039;224
101498;10
101499;190
101520;180
101775;20
101866;23
102090;1
102663;38
102983;64
103058;8
103916;53
105355;51
105641;197
106457;127
106553;222
106904;112
107716;38
107990;93
109964;48
110052;4
110084;95
110250;42
111036;132
111050;262
111243;78
111244;60
111525;227
111532;183
112082;76
113299;214
113813;235
115044;142
115520;200
116753;42
117271;155
117492;179
117504;213
118257;189
118521;171
118847;203
119172;268
121224;76
121663;156
122012;144
123463;244
123943;146
124194;213
124286;97
124417;272
124450;225
124911;222
125622;179
126977;116
128618;9
128855;29
129001;76
129220;1
129794;187
129865;54
130445;191
130651;278
130807;178
130831;145
131509;212
132045;221
132551;22
132974;246
133804;278
134791;215
135161;4
135965;80
138295;272
138400;126
138514;263
140901;76
140994;115
141207;178
144134;40
144196;222
144233;163
144482;49
144487;9
145028;48
145029;93
145617;133
147136;117
147193;142
147364;76
149664;142
150429;282
150669;7
151676;220
152065;134
152074;23
152687;25
155553;105
155916;215
156039;179
157279;248
158658;179
159634;100
159737;87
160714;128
161725;163
162173;105
163106;216
163304;256
164325;167
164740;246
165809;213
165888;80
167303;201
169073;176
171195;234
171827;184
172569;278
173153;231
173402;248
174097;186
174159;144
175166;116
175577;203
176727;116
177113;269
179927;36
184217;208
184335;254
184550;171
186813;216
187467;234
188102;152
189480;161
189481;280
190699;177
190951;90
191014;123
191515;20
192282;80
193210;127
194658;4
197268;172
197806;102
197878;184
197885;205
198114;98
198191;138
200269;265
202225;48
203338;16
203779;191
203848;212
205370;130
206816;42
207046;253
207102;80
207383;141
207399;203
208019;245
208463;68
209414;162
209792;201
210191;189
210960;197
212195;59
212349;93
212492;182
216549;22
216613;204
216692;177
216840;94
217883;142
218565;281
219639;158
219975;255
220265;126
220932;146
222326;197
222329;82
222822;164
223054;278
223742;34
223807;126
224304;201
224441;270
225937;203
226811;253
227631;244
227692;18
229484;80
229503;277
230295;199
231417;230
232845;206
234964;18
240950;213
241802;261
241919;80
242070;225
243062;152
244121;204
244982;266
247637;181
247998;206
248359;21
249601;223
250048;234
250060;142
251967;177
252889;233
253295;243
253737;130
253788;72
253793;41
253825;263
254040;95
255440;187
256099;282
257809;175
257812;124
257950;137
258450;190
258727;178
259561;57
259565;20
259758;10
259766;98
260561;16
261768;77
261854;191
262174;123
262621;22
263027;119
263127;222
263788;207
264062;33
264593;138
264718;143
266437;162
269041;157
269656;172
271943;90
272681;181
272810;123
272947;98
273452;72
273902;195
280138;49
281213;77
282542;68
283643;170
285523;223
287443;142
289449;129
289682;268
290850;133
294157;15
294781;133
296733;62
297714;18
297887;279
297973;125
300567;40
301364;62
304946;80
306401;12
307902;278
308466;178
310851;231
310961;97
312106;97
312433;156
312486;31
314131;244
316222;192
316228;63
316428;259
319154;127
320383;186
322302;128
322893;36
323422;1
328544;163
328558;241
328862;154
333524;133
334274;38
334308;93
336020;24
337245;25
338453;278
338970;76
339204;213
340226;213
341736;39
342289;85
343623;96
344633;61
344636;281
345407;267
345414;179
346484;38
346787;93
346828;176
348446;266
349946;234
350248;81
352728;257
352745;192
355685;31
359859;9
361878;203
363888;202
364185;180
365525;86
365916;74
368267;181
371645;127
371706;156
374896;241
375046;272
377256;56
377947;129
378615;52
378777;167
380196;179
381148;10
382489;214
386008;180
386060;67
387088;133
387569;20
388445;59
388647;277
390607;20
394443;208
396659;137
397553;275
397828;251
406045;53
407498;185
408773;14
409656;90
412194;110
413459;144
413610;132
414266;243
414993;34
417323;25
422704;28
422917;165
424131;172
424291;276
424508;219
426072;145
427643;2
428996;27
429338;167
432597;143
433371;190
435201;14
435439;186
435942;124
437545;59
438486;93
438773;48
439398;110
443049;282
444497;279
444498;226
445775;242
446741;40
446883;20
449574;116
449631;272
450898;123
453495;238
453888;253
454998;126
455321;256
457716;179
459331;9
460562;23
462852;24
463855;270
463991;9
465447;55
468522;166
472025;219
474456;90
475385;55
477514;77
478880;50
480764;25
481218;70
482896;266
482989;219
485187;103
485561;121
486650;143
486717;51
486882;230
488966;64
489061;32
489072;81
490311;178
492451;266
493367;266
493983;22
495502;20
495606;280
496340;128
497804;145
497891;141
498344;67
498888;178
501518;186
504417;76
504653;7
504682;251
505174;74
505258;232
507269;48
507276;93
508314;70
510373;172
513637;235
516992;182
519852;191
522855;41
522893;165
524819;179
524914;133
526109;112
528462;94
528714;197
531145;75
531503;29
531648;10
531732;190
531904;98
534897;25
535513;7
536141;262
536169;242
539208;242
543204;246
546848;179
550158;23
550650;31
552629;10
553867;244
556499;203
556886;168
558558;20
559065;156
563365;239
563831;114
564602;64
566496;246
566633;204
567233;15
567691;246
567990;133
568433;104
569154;64
570654;54
570736;239
571225;172
572112;187
574876;33
575333;266
575676;121
577870;4
578886;214
579462;270
580001;40
581654;222
581795;163
582000;93
582057;16
582372;48
582421;40
582448;244
582755;169
583583;165
583588;101
587360;183
587855;212
588547;269
589083;266
589337;269
591063;225
592203;227
592808;87
594802;172
595005;32
595012;38
596072;212
596116;203
596225;80
596929;152
598524;29
598537;48
599699;263
599869;75
600401;112
601025;93
601037;9
601051;48
601988;68
603128;212
605090;212
605272;94
608444;126
609066;191
609301;251
610625;184
610898;70
613855;247
615488;97
616179;208
621703;180
621864;256
622815;53
623745;197
625290;176
625970;197
626696;226
626710;126
626884;189
627407;126
629314;225
630051;44
630087;32
630510;146
630595;128
630814;203
631313;32
631647;231
635965;244
639681;55
639862;235
640210;111
640374;267
641344;203
641573;66
645967;97
645969;128
647568;70
649822;64
650621;112
650722;186
651901;211
652027;93
652771;281
652937;102
653205;115
653217;150
655842;172
658602;137
658828;4
659111;244
659204;76
661269;263
661302;31
663340;21
664774;203
665085;94
667214;94
667282;79
667434;221
671808;40
675557;109
675771;56
677058;133
677207;31
677211;156
677871;279
677877;226
687119;121
688454;197
688608;126
690391;76
690393;142
690617;94
693990;79
693996;221
694002;227
694003;183
694575;76
695280;176
696035;136
698335;216
699347;156
701366;256
703466;239
704122;195
704643;94
707277;165
708146;112
708436;253
710283;104
710562;101
710798;25
710983;179
711861;21
712364;221
712404;130
712570;22
712652;212
713463;68
714994;9
715825;266
716215;126
716710;126
718143;204
718556;48
718965;70
718981;165
719020;203
720351;25
721916;18
722091;112
722787;70
722803;165
722962;93
723270;221
725519;64
727751;118
727917;80
728941;80
732594;259
732690;181
735684;126
736918;105
738282;40
738328;163
740847;116
743572;203
744250;156
744423;233
748233;268
748672;179
748950;179
750049;23
750068;25
750961;31
751697;228
753639;192
753926;268
754072;149
754493;228
754758;31
755540;55
757839;77
760091;40
762626;212
765970;235
766047;74
773721;74
779832;62
782376;113
782402;228
782633;66
782859;225
782929;99
783171;44
783603;188
784435;190
786880;21
787793;105
791495;92
791550;270
791552;224
791556;66
796211;218
805465;104
818917;231
823668;208
830674;69
830675;164
834976;20
835791;105
837433;83
840771;110
843761;127
859889;172
869645;266
870544;10
871404;123
886689;213
902089;179
915820;216
941929;172
942081;20
945085;97
945550;269
948795;40
953670;55
953672;212
953750;31
953753;156
953766;133
961002;48
961013;87
961325;242
961379;262
962127;266
962191;70
962793;38
964582;129
965872;31
966027;48
966048;9
966204;75
966980;62
966990;56
967731;254
967856;107
967889;78
968476;112
969368;50
969550;75
969571;242
971428;178
971634;21
972333;152
972764;36
973109;244
974345;68
974458;223
975980;62
979459;105
980170;93
982841;118
982897;95
983363;243
984296;54
985849;116
985979;56
987920;112
990386;20
996342;187
996580;275
996945;211
998032;80
998375;191
998414;222
998435;220
999665;275
1000316;268
1000503;213
1000595;203
1000899;25
1001519;197
1001788;97
1001792;128
1001824;253
1003443;186
1004706;180
1012631;69
1014876;156
1015450;212
1015915;126
1032329;123
1038084;9
1038217;48
1038247;93
1038603;29
1039410;48
1039459;225
1039500;203
1039632;156
1039649;93
1040055;268
1040208;80
