462;36
1286;48
1290;9
1665;156
2485;156
2495;116
2503;182
2838;93
2842;9
4376;9
4936;178
6127;112
6152;9
6272;223
7331;67
7409;38
7412;9
7917;9
8921;186
8941;249
9639;33
10420;225
10741;178
10770;191
10931;21
11056;145
11350;120
11605;87
11753;9
12594;120
12662;25
13123;53
14130;212
14249;176
14326;184
15014;146
15532;145
15625;236
16076;222
16193;76
16870;165
17197;242
17198;260
17852;116
17909;269
18157;260
18831;18
19165;242
20701;212
20893;32
21002;36
21897;179
22474;128
23174;232
23448;31
24101;130
24204;36
24842;38
24878;117
25155;69
25227;191
25629;31
26085;120
26156;242
26203;112
26506;18
26900;93
27888;246
28660;156
30011;260
31158;48
32560;93
34170;87
34794;133
36156;272
36170;116
36244;184
37565;249
37775;95
38350;111
38767;48
39639;218
39769;72
41236;25
41499;112
41669;8
41931;40
42077;142
42081;76
43451;244
43580;56
43585;62
43958;160
44037;29
44119;178
44162;48
44862;20
45981;83
46295;105
46440;179
46582;137
47126;168
47289;15
47476;127
48490;118
48611;244
48982;232
50040;64
50301;80
50597;36
50603;206
50950;186
51474;181
52206;67
52223;179
52805;161
52883;269
53262;51
53306;211
53358;15
53930;260
53986;19
55230;33
55833;212
56018;183
56027;72
56074;5
56897;112
57035;228
57822;53
58925;117
60255;123
60295;19
61033;93
61667;93
62264;162
63204;20
63242;127
63255;158
63867;197
64061;215
64804;144
65072;93
65094;186
65171;40
65520;40
65796;235
66316;126
66717;233
66721;137
66847;36
67589;23
67610;25
67697;213
67948;225
68331;223
68695;38
68697;93
68952;227
69374;242
70443;9
70835;84
71125;9
71875;220
72009;75
72731;93
72742;48
72884;33
73811;142
74808;4
74972;29
75200;204
75374;112
75524;200
75722;228
75725;94
76163;19
76254;270
76696;112
76855;126
76899;179
76945;33
78721;184
78798;40
80195;260
80340;107
80867;95
81290;87
85391;242
85447;262
87909;70
88359;67
89148;16
89753;93
89755;38
91739;109
91862;107
94426;121
94924;98
95547;53
96024;157
96034;53
98016;23
98124;141
98411;20
98434;172
99115;129
99119;62
99594;23
99913;34
100129;48
100167;212
100574;242
100627;95
100715;111
100990;156
101039;224
101520;180
101866;23
102090;1
102663;38
103058;8
103916;53
106457;127
106892;186
106904;112
107716;38
107990;93
109481;95
109864;187
109964;48
110052;4
110181;146
110949;267
111525;227
111532;183
112082;76
113299;214
113813;235
115044;142
115520;200
115650;246
115679;112
116753;42
117271;155
117492;179
117504;213
118521;171
118847;203
119172;268
120742;21
120925;103
121224;76
121663;156
122995;48
123256;126
123463;244
123943;146
124417;272
125629;77
126360;15
128004;129
128618;9
128855;29
129001;76
129220;1
129794;187
129865;54
130445;191
130807;178
131509;212
132045;221
132551;22
133806;55
135161;4
135623;156
135657;2
137719;40
138295;272
140901;76
140994;115
141207;178
142275;171
144134;40
144196;222
144233;163
144290;80
144482;49
145617;133
147193;142
147364;76
148487;55
150429;282
151676;220
152074;23
152687;25
153825;248
155553;105
155916;215
156039;179
157279;248
158389;25
159634;100
160714;128
161725;163
163106;216
163304;256
165584;242
165888;80
167175;80
167283;141
168995;247
169073;176
172620;31
173153;231
173402;248
174097;186
174159;144
174372;4
175157;216
175166;116
175647;163
177113;269
182202;216
184217;208
184335;254
184550;171
185177;180
185348;48
186813;216
187456;2
187467;234
191014;123
191515;20
192282;80
193210;127
194658;4
195803;98
196469;168
197806;102
197878;184
198114;98
198675;229
199200;39
200269;265
201384;282
203338;16
203779;191
203848;212
204735;259
205370;130
206816;42
206959;223
207383;141
207399;203
208019;245
209792;201
210191;189
210611;230
212154;125
212349;93
212708;107
214254;77
215363;268
215633;225
216549;22
216700;184
216840;94
216975;228
219639;158
222329;82
222822;164
223054;278
223742;34
223807;126
224304;201
224441;270
225112;23
226811;253
227113;18
227256;25
229484;80
229680;114
230295;199
230566;71
230668;83
231417;230
233207;84
233221;268
233598;191
233705;104
233807;51
234368;258
235191;54
236378;130
237009;77
237659;94
240803;135
241802;261
241919;80
242070;225
242448;127
242831;75
243062;152
243406;15
244294;211
244297;70
244982;266
250060;142
250281;56
251919;250
251967;177
253295;243
253737;130
253793;41
253825;263
254040;95
255261;116
255440;187
256099;282
257651;233
258450;190
258618;275
259553;172
259561;57
259565;20
259751;266
259758;10
259766;98
260189;180
260561;16
260564;203
261291;248
261768;77
261854;191
262124;172
262224;227
262225;183
263788;207
264593;138
264718;143
265709;10
265805;222
266437;162
268516;33
269633;21
271943;90
273001;172
273902;195
274525;52
274726;20
280138;49
281213;77
281325;181
282542;68
283643;170
285523;223
286658;263
289682;268
289989;142
290529;240
290850;133
291293;23
294157;15
294570;29
296733;62
297714;18
297887;279
297973;125
299279;132
303846;81
304231;142
304869;80
304946;80
306401;12
307902;278
308456;145
310961;97
311978;142
312106;97
312486;31
316310;61
316428;259
319154;127
321265;161
327856;20
328544;163
328558;241
328630;214
328636;102
328862;154
334274;38
334308;93
334542;88
335726;114
336020;24
337245;25
338387;80
338453;278
338970;76
339204;213
340226;213
341736;39
342288;59
342289;85
343623;96
343669;14
345255;214
345407;267
345414;179
345474;208
345477;63
345942;150
346484;38
346787;93
349828;181
349946;234
350248;81
352728;257
355685;31
356330;136
357096;276
359859;9
359951;138
363888;202
364302;197
365357;156
365525;86
365916;74
366420;234
371706;156
375046;272
377256;56
377947;129
378777;167
380098;62
382489;214
386008;180
386060;67
388919;54
390331;248
390607;20
395611;168
395695;83
396658;233
397498;146
398418;230
406045;53
409463;110
409656;90
412016;223
412194;110
414266;243
415953;273
417323;25
421199;112
422704;28
423587;18
424131;172
424291;276
424494;150
424508;219
425426;187
426072;145
428996;27
429338;167
429476;84
429939;133
430516;181
432597;143
433371;190
434193;126
434912;56
435201;14
435439;186
435942;124
437551;239
438486;93
438773;48
443049;282
444497;279
444498;226
444799;188
445452;18
446741;40
446883;20
447605;83
449154;229
449574;116
449685;247
450199;23
450787;269
451949;242
451953;117
453299;194
453495;238
455321;256
455411;240
457716;179
459331;9
460562;23
462851;154
463855;270
465447;55
468522;166
474456;90
480764;25
480827;239
481218;70
482348;121
482896;266
482989;219
486650;143
486717;51
486882;230
487028;242
489072;81
492604;18
492766;266
493283;130
493367;266
493983;22
495502;20
496340;128
496595;21
496635;97
497804;145
498337;159
498344;67
498888;178
501518;186
501523;112
504417;76
504598;104
504653;7
505174;74
507269;48
508314;70
508486;9
515366;178
519208;31
519852;191
521601;180
522490;215
522855;41
522893;165
524814;23
524819;179
526109;112
527735;32
527905;152
528628;68
531027;184
531503;29
531648;10
531732;190
532736;18
535510;165
536141;262
536982;266
538968;87
539208;242
546848;179
549132;190
550650;31
552072;36
552629;10
553560;187
553867;244
556886;168
557675;180
557991;98
558558;20
559065;156
561115;172
561771;128
563365;239
563507;112
564088;16
564602;64
565700;116
566594;67
566698;5
567691;246
567990;133
568433;104
568460;179
569154;64
570654;54
571225;172
572112;187
575198;197
575333;266
575510;121
577468;225
578166;76
578886;214
580001;40
580321;63
580511;61
581654;222
582000;93
582057;16
582372;48
582421;40
582448;244
583583;165
583588;101
584285;174
587360;183
587855;212
587897;145
588547;269
588568;36
589083;266
589337;269
592142;203
592808;87
595012;38
596072;212
596116;203
596225;80
598306;225
598524;29
598537;48
599699;263
599869;75
599881;70
600401;112
601051;48
603128;212
605090;212
605272;94
610417;226
610625;184
610898;70
613855;247
614515;150
615488;97
615554;280
615787;216
616179;208
617112;129
621864;256
622172;80
622815;53
625970;197
626054;62
626696;226
626710;126
626884;189
626952;7
628538;211
629314;225
629836;88
630051;44
630087;32
630544;102
630598;141
630814;203
631647;231
635965;244
639697;187
640210;111
640374;267
641573;66
645969;128
647568;70
647583;165
650621;112
650722;186
651024;215
651901;211
652027;93
652739;270
652771;281
653205;115
653217;150
655842;172
655858;142
656160;20
659111;244
659204;76
661269;263
661302;31
663340;21
664774;203
665085;94
667434;221
671808;40
675771;56
677207;31
677211;156
677877;226
681430;186
686688;83
687601;279
687661;268
688454;197
688618;179
689880;266
690103;133
690391;76
690393;142
690617;94
693996;221
694002;227
694003;183
694276;134
694575;76
696035;136
698335;216
699347;156
703466;239
704122;195
704643;94
704709;94
707261;70
707277;165
707862;186
708436;253
710562;101
710779;23
710798;25
711861;21
712358;79
712364;221
712652;212
713463;68
713528;22
715825;266
716710;126
716878;133
717594;64
718143;204
718370;76
718388;80
718556;48
718981;165
719020;203
719125;40
720351;25
722091;112
722707;186
722962;93
723264;79
725519;64
726613;40
727751;118
727917;80
728134;146
728597;204
728617;76
728854;248
728941;80
731581;112
732690;181
735684;126
735736;223
737394;263
739310;223
739717;190
740256;99
740265;268
740847;116
743046;179
743309;130
743572;203
744250;156
744423;233
747532;130
748230;225
748233;268
748234;233
748561;137
749251;116
750961;31
751697;228
752361;133
752461;18
753639;192
753644;208
753926;268
754758;31
755540;55
757839;77
762626;212
765970;235
766401;218
773790;202
779832;62
780767;169
780829;197
782402;228
782859;225
782887;268
782929;99
783171;44
784435;190
786880;21
787793;105
789301;97
789384;56
791550;270
791552;224
791556;66
796211;218
804975;67
804989;44
805361;97
807575;128
807953;21
819199;59
823668;208
835813;180
837433;83
838574;152
842627;87
843761;127
859889;172
869659;212
870544;10
876370;106
876382;276
882088;222
885821;180
886689;213
924694;97
934836;68
941929;172
942081;20
945085;97
945550;269
953670;55
953750;31
953763;179
953766;133
961002;48
961018;70
961379;262
962793;38
965868;156
965872;31
966048;9
966050;93
967856;107
967889;78
968417;246
968476;112
969368;50
969503;262
969571;242
972764;36
974345;68
974458;223
975980;62
979459;105
980170;93
980927;142
982897;95
984295;59
984296;54
985849;116
985979;56
987920;112
990386;20
996256;15
996342;187
996585;172
998032;80
998435;220
999665;275
1000316;268
1000899;25
1001214;76
1001519;197
1001788;97
1001792;128
1001824;253
1003443;186
1004706;180
1004710;190
1005721;31
1012631;69
1014876;156
1015450;212
1015455;282
1015915;126
1016112;225
1032676;98
1038084;9
1038247;93
1038248;38
1038483;25
1038508;142
1039410;48
1040055;268
1040208;80
1040520;137
1040521;233
