462;1375
1286;2599
1290;1570
1665;212
2485;203
2495;202
2503;245
2838;1821
2842;1618
4376;1513
4936;574
6127;929
6152;1490
6272;1144
7331;672
7409;898
7412;1697
7917;1698
8921;279
8941;119
9639;19
10420;289
10741;545
10770;11
10931;199
11056;215
11350;1553
11605;2449
11753;1599
12594;1799
12662;69
13123;199
14130;139
14249;18
14326;137
15014;123
15532;239
15625;228
16076;278
16193;340
16870;46
17197;2799
17198;1499
17852;205
17909;18
18157;1217
18831;1041
19165;3106
20701;134
20893;29
21002;1308
21897;62
22474;159
23174;20
23448;236
24101;31
24204;1324
24842;790
24878;269
25155;484
25227;10
25629;238
26085;1999
26156;2513
26203;1079
26506;1150
26900;1463
27888;1696
28660;221
30011;1399
31158;2760
32560;1559
34170;2399
34794;39
36156;233
36170;200
36244;159
37565;188
37775;29
38350;560
38767;2921
39639;45
39769;14
41236;78
41499;1143
41669;76
41931;231
42077;478
42081;246
43451;653
43580;21
43585;54
43958;65
44037;1972
44119;490
44162;2849
44862;40
45981;132
46295;75
46440;56
46582;193
47126;25
47289;316
47476;141
48490;576
48611;675
48982;19
50040;316
50301;47
50597;1319
50603;12
50950;289
51474;52
52206;547
52223;75
52805;30
52883;15
53262;35
53306;2007
53358;313
53930;1392
53986;696
55230;45
55833;158
56018;322
56027;8
56074;64
56897;982
57035;269
57822;199
58925;292
60255;53
60295;702
61033;1949
61667;1662
62264;75
63204;41
63242;159
63255;199
63867;535
64061;80
64804;7
65072;1329
65094;378
65171;221
65520;195
65796;49
66316;491
66717;190
66721;190
66847;1333
67589;71
67610;88
67697;80
67948;272
68331;1177
68695;799
68697;1348
68952;185
69374;2799
70443;1362
70835;224
71125;1728
71875;182
72009;8999
72731;1499
72742;2749
72884;20
73811;477
74808;11
74972;1999
75200;73
75374;997
75524;1189
75722;258
75725;128
76163;699
76254;54
76696;1099
76855;524
76899;65
76945;29
78721;155
78798;209
80195;1470
80340;445
80867;29
81290;2233
85391;2317
85447;9456
87909;1999
88359;616
89148;373
89753;1449
89755;969
91739;24
91862;629
94426;18
94924;56
95547;229
96024;15
96034;199
98016;54
98124;71
98411;40
98434;111
99115;53
99119;72
99594;57
99913;19
100129;2849
100167;141
100574;2599
100627;25
100715;647
100990;204
101039;11
101520;46
101866;64
102090;1349
102663;869
103058;79
103916;199
106457;149
106892;338
106904;998
107716;899
107990;1849
109481;28
109864;10
109964;2849
110052;16
110181;142
110949;10
111525;239
111532;299
112082;231
113299;11
113813;28
115044;509
115520;949
115650;1729
115679;1085
116753;2999
117271;1218
117492;64
117504;75
118521;1399
118847;144
119172;303
120742;200
120925;13
121224;277
121663;219
122995;2744
123256;488
123463;640
123943;113
124417;246
125629;44
126360;331
128004;59
128618;1751
128855;1988
129001;256
129220;1249
129794;9
129865;30
130445;8
130807;699
131509;149
132045;165
132551;5
133806;51
135161;13
135623;207
135657;30
137719;215
138295;223
140901;365
140994;28
141207;739
142275;1736
144134;199
144196;264
144233;35
144290;47
144482;2213
145617;44
147193;535
147364;299
148487;40
150429;351
151676;93
152074;69
152687;75
153825;69
155553;55
155916;81
156039;79
157279;73
158389;75
159634;31
160714;139
161725;32
163106;24
163304;39
165584;2699
165888;59
167175;47
167283;71
168995;2016
169073;24
172620;261
173153;849
173402;82
174097;389
174159;25
174372;21
175157;26
175166;209
175647;39
177113;30
182202;36
184217;12
184335;6887
184550;1261
185177;46
185348;2799
186813;28
187456;23
187467;63
191014;62
191515;39
192282;70
193210;159
194658;21
195803;54
196469;31
197806;35
197878;149
198114;54
198675;34
199200;42
200269;10
201384;293
203338;475
203779;11
203848;168
204735;533
205370;34
206816;3568
206959;1326
207383;72
207399;155
208019;48
209792;20
210191;158
210611;20
212154;15
212349;1899
212708;449
214254;44
215363;241
215633;262
216549;6
216700;149
216840;103
216975;233
219639;189
222329;1666
222822;878
223054;17
223742;17
223807;468
224304;20
224441;69
225112;56
226811;13
227113;1199
227256;75
229484;59
229680;1182
230295;12
230566;45
230668;135
231417;27
233207;124
233221;270
233598;11
233705;152
233807;34
234368;47
235191;35
236378;35
237009;38
237659;127
240803;356
241802;249
241919;59
242070;258
242448;169
242831;8999
243062;4499
243406;373
244294;2299
244297;1999
244982;40
250060;529
250281;20
251919;2128
251967;62
253295;285
253737;28
253793;172
253825;29
254040;26
255261;191
255440;11
256099;243
257651;273
258450;125
258618;126
259553;127
259561;53
259565;45
259751;38
259758;45
259766;59
260189;48
260561;417
260564;149
261291;88
261768;45
261854;13
262124;115
262224;184
262225;281
263788;59
264593;1136
264718;223
265709;34
265805;277
266437;71
268516;24
269633;168
271943;1502
273001;99
273902;205
274525;64
274726;36
280138;2129
281213;38
281325;58
282542;216
283643;200
285523;1692
286658;32
289682;254
289989;458
290529;59
290850;45
291293;50
294157;325
294570;1935
296733;43
297714;1097
297887;34
297973;18
299279;899
303846;35
304231;506
304869;59
304946;63
306401;39
307902;24
308456;249
310961;169
311978;512
312106;99
312486;243
316310;29
316428;538
319154;159
321265;18
327856;32
328544;33
328558;70
328630;14
328636;37
328862;15
334274;1029
334308;1620
334542;65
335726;1266
336020;20
337245;73
338387;58
338453;20
338970;252
339204;65
340226;144
341736;53
342288;45
342289;65
343623;20
343669;19
345255;21
345407;15
345414;56
345474;11
345477;11
345942;27
346484;899
346787;1899
349828;60
349946;82
350248;21
352728;13
355685;239
356330;19
357096;59
359859;1585
359951;1344
363888;29
364302;511
365357;249
365525;106
365916;17
366420;122
371706;199
375046;381
377256;20
377947;53
378777;249
380098;50
382489;14
386008;35
386060;903
388919;29
390331;77
390607;42
395611;28
395695;119
396658;273
397498;147
398418;24
406045;199
409463;262
409656;1319
412016;1497
412194;326
414266;291
415953;50
417323;159
421199;1129
422704;139
423587;1230
424131;115
424291;59
424494;35
424508;12
425426;2
426072;249
428996;36
429338;179
429476;220
429939;44
430516;55
432597;164
433371;111
434193;567
434912;23
435201;14
435439;335
435942;376
437551;232
438486;1899
438773;2849
443049;255
444497;25
444498;30
444799;89
445452;1298
446741;194
446883;44
447605;112
449154;29
449574;197
449685;1709
450199;50
450787;17
451949;2941
451953;292
453299;3
453495;40
455321;43
455411;60
457716;56
459331;1799
460562;69
462851;19
463855;69
465447;49
468522;269
474456;1896
480764;71
480827;195
481218;1899
482348;19
482896;45
482989;13
486650;165
486717;34
486882;21
487028;2312
489072;62
492604;1039
492766;47
493283;28
493367;40
493983;3
495502;35
496340;176
496595;220
496635;187
497804;242
498337;273
498344;648
498888;542
501518;313
501523;1025
504417;365
504598;147
504653;27
505174;15
507269;2703
508314;1851
508486;1382
515366;570
519208;253
519852;13
521601;40
522490;71
522855;175
522893;39
524814;53
524819;59
526109;1149
527735;19
527905;5266
528628;235
531027;153
531503;1954
531648;39
531732;109
532736;1085
535510;39
536141;7100
536982;43
538968;2199
539208;2377
546848;55
549132;123
550650;213
552072;1274
552629;43
553560;6
553867;612
556886;37
557675;36
557991;59
558558;33
559065;224
561115;120
561771;160
563365;236
563507;997
564088;418
564602;328
565700;234
566594;721
566698;53
567691;1629
567990;42
568433;206
568460;57
569154;349
570654;32
571225;102
572112;6
575198;482
575333;43
575510;20
577468;296
578166;320
578886;20
580001;215
580321;9
580511;32
581654;263
582000;1675
582057;363
582372;2890
582421;212
582448;690
583583;44
583588;30
584285;89
587360;261
587855;142
587897;227
588547;17
588568;1539
589083;49
589337;18
592142;127
592808;2084
595012;755
596072;151
596116;142
596225;79
598306;253
598524;1899
598537;2849
599699;27
599869;9899
599881;2199
600401;919
601051;2899
603128;148
605090;150
605272;129
610417;59
610625;135
610898;1685
613855;2099
614515;40
615488;170
615554;48
615787;41
616179;11
617112;53
621864;39
622172;76
622815;198
625970;482
626054;49
626696;39
626710;491
626884;207
626952;40
628538;2035
629314;231
629836;37
630051;228
630087;27
630544;47
630598;71
630814;127
631647;912
635965;667
639697;8
640210;604
640374;14
641573;11
645969;138
647568;1818
647583;37
650621;919
650722;305
651024;80
651901;2139
652027;1616
652739;112
652771;64
653205;50
653217;52
655842;101
655858;487
656160;37
659111;761
659204;382
661269;26
661302;225
663340;173
664774;141
665085;118
667434;186
671808;234
675771;19
677207;249
677211;212
677877;44
681430;318
686688;115
687601;31
687661;220
688454;540
688618;66
689880;44
690103;43
690391;301
690393;471
690617;102
693996;185
694002;195
694003;235
694276;37
694575;368
696035;13
698335;29
699347;214
703466;199
704122;204
704643;97
704709;97
707261;1891
707277;38
707862;317
708436;19
710562;27
710779;52
710798;67
711861;181
712358;160
712364;177
712652;136
713463;206
713528;2
715825;41
716710;500
716878;41
717594;323
718143;55
718370;331
718388;62
718556;2751
718981;37
719020;128
719125;217
720351;67
722091;919
722707;305
722962;1616
723264;160
725519;326
726613;209
727751;538
727917;68
728134;111
728597;53
728617;318
728854;79
728941;59
731581;972
732690;50
735684;480
735736;1195
737394;27
739310;1149
739717;109
740256;35
740265;240
740847;215
743046;59
743309;26
743572;145
744250;205
744423;225
747532;25
748230;264
748233;275
748234;208
748561;208
749251;199
750961;229
751697;239
752361;50
752461;1252
753639;29
753644;7
753926;231
754758;220
755540;42
757839;40
762626;149
765970;31
766401;50
773790;31
779832;45
780767;450
780829;651
782402;266
782859;264
782887;243
782929;34
783171;220
784435;102
786880;169
787793;62
789301;154
789384;16
791550;60
791552;16
791556;28
796211;52
804975;643
804989;243
805361;147
807575;138
807953;173
819199;34
823668;6
835813;37
837433;146
838574;5722
842627;2182
843761;135
859889;109
869659;146
870544;38
876370;101
876382;38
882088;259
885821;37
886689;63
924694;143
934836;214
941929;95
942081;34
945085;179
945550;22
953670;37
953750;214
953763;55
953766;40
961002;2776
961018;1799
961379;7125
962793;748
965868;233
965872;255
966048;1359
966050;1349
967856;440
967889;699
968417;1729
968476;999
969368;242
969503;6999
969571;2259
972764;1341
974345;228
974458;1650
975980;40
979459;62
980170;1639
980927;478
982897;25
984295;45
984296;34
985849;201
985979;22
987920;978
990386;42
996256;337
996342;11
996585;119
998032;66
998435;156
999665;119
1000316;278
1000899;76
1001214;245
1001519;500
1001788;138
1001792;130
1001824;25
1003443;378
1004706;41
1004710;109
1005721;238
1012631;404
1014876;227
1015450;242
1015455;285
1015915;526
1016112;266
1032676;53
1038084;1320
1038247;1620
1038248;780
1038483;94
1038508;631
1039410;3581
1040055;363
1040208;94
1040520;296
1040521;296
