462;36
1286;48
1290;9
1665;156
2495;116
2503;182
2838;93
4376;9
4936;178
6127;112
6272;223
6786;48
7331;67
7409;38
7412;9
8745;211
8967;191
9639;33
10082;118
10356;156
10452;116
10770;191
10930;170
11056;145
11350;120
11753;9
11936;112
12272;204
12304;186
12594;120
12662;25
12680;55
13078;9
14326;184
15063;266
15532;145
15883;93
16076;222
16193;76
16870;165
16873;63
16973;186
16977;246
17198;260
17358;242
17909;269
18068;203
18077;273
18157;260
18831;18
19064;81
19165;242
19172;260
20701;212
20938;186
21002;36
21414;31
21428;112
21489;183
21897;179
22404;152
22474;128
23174;232
23448;31
23702;254
24101;130
24204;36
24283;149
25026;242
25227;191
25631;156
26079;36
26156;242
26203;112
26622;266
26687;19
26900;93
27888;246
28660;156
29945;183
30011;260
30621;128
30979;246
31158;48
31777;249
34170;87
34794;133
35465;29
36156;272
36244;184
37565;249
38255;247
38346;251
39639;218
40238;53
41499;112
41669;8
41931;40
42077;142
42269;212
42746;87
43451;244
43563;128
43580;56
44119;178
44862;20
45057;16
45279;18
47082;178
47126;168
47476;127
48611;244
48982;232
49946;212
50040;64
50179;227
50597;36
50603;206
50654;64
50979;183
52206;67
52223;179
52805;161
53262;51
53358;15
53986;19
54249;249
54750;53
55230;33
55499;120
55803;266
55833;212
56018;183
56509;260
56897;112
57035;228
57822;53
58620;197
58849;80
58925;117
60652;250
61033;93
61043;9
62264;162
62359;207
63204;20
63242;127
63255;158
64248;25
64721;105
65094;186
65171;40
65330;182
65706;200
65766;105
65796;235
66316;126
66717;233
66721;137
66847;36
67697;213
68695;38
68779;31
69374;242
69411;241
69580;182
70843;142
71125;9
71633;178
71875;220
72731;93
72742;48
72884;33
73036;105
73811;142
75531;117
75722;228
75725;94
76945;33
77789;19
77804;60
77809;78
78297;178
78721;184
78798;40
78954;93
80195;260
80867;95
82989;171
86372;75
86543;187
87079;179
87909;70
89148;16
89342;145
91010;94
91032;31
91540;156
91862;107
94428;212
94465;40
94490;179
94629;123
94924;98
95643;121
96034;53
97641;117
98312;9
98434;172
98690;14
99115;129
99119;62
99588;114
99913;34
100129;48
100167;212
100574;242
100715;111
100990;156
100991;31
101039;224
101499;190
102090;1
102983;64
105641;197
106457;127
106553;222
106750;48
106892;186
106904;112
107990;93
109864;187
110052;4
110949;267
111036;132
111050;262
111243;78
111244;60
111525;227
111532;183
113299;214
113813;235
115044;142
115520;200
115679;112
116550;64
117492;179
117504;213
120925;103
121224;76
121663;156
122012;144
122995;48
123303;40
123463;244
123992;165
124450;225
124911;222
125622;179
125629;77
126360;15
126977;116
128004;129
128618;9
128855;29
129738;55
130445;191
130651;278
130807;178
132046;79
132551;22
132974;246
133804;278
133806;55
134791;215
135965;80
138514;263
140901;76
141207;178
142075;116
142275;171
144134;40
144196;222
144233;163
144290;80
144482;49
144487;9
145029;93
147136;117
147193;142
150669;7
150695;112
151669;205
152687;25
155553;105
155916;215
158389;25
158658;179
159634;100
159737;87
160714;128
160722;56
163106;216
163304;256
164740;246
165584;242
165809;213
167175;80
167283;141
168995;247
169073;176
171827;184
171926;15
172569;278
172620;31
174097;186
174159;144
175166;116
175403;187
175577;203
175647;163
176314;138
176335;274
176766;55
177113;269
179927;36
182202;216
184217;208
184335;254
184550;171
185177;180
185348;48
185357;9
186605;280
187424;148
188102;152
188716;116
189480;161
189927;172
190699;177
190951;90
191014;123
191515;20
193210;127
194658;4
195803;98
196469;168
197268;172
198477;278
198909;180
201384;282
202225;48
202329;266
203338;16
203779;191
204735;259
205901;88
206816;42
206959;223
207102;80
208148;94
208463;68
208968;18
209414;162
210611;230
210960;197
212154;125
212309;233
212349;93
214254;77
215363;268
215633;225
216549;22
216692;177
216700;184
216840;94
216975;228
217883;142
218565;281
220265;126
222329;82
222822;164
223054;278
223807;126
224441;270
225112;23
225937;203
226811;253
227113;18
227256;25
227382;254
230295;199
230566;71
230668;83
231417;230
232845;206
233207;84
233705;104
233807;51
234368;258
235056;244
235191;54
236378;130
237009;77
237659;94
239426;118
240803;135
240950;213
241802;261
241919;80
242070;225
242428;161
242831;75
243062;152
243406;15
244294;211
244982;266
247637;181
248359;21
248998;90
249768;79
250048;234
250060;142
250520;244
252889;233
253295;243
253737;130
253793;41
253825;263
254040;95
256099;282
256868;250
257651;233
257814;68
257950;137
258023;273
258618;275
258727;178
259561;57
259565;20
259758;10
260189;180
261854;191
262174;123
262224;227
262292;41
262621;22
263027;119
263032;108
263127;222
263788;207
264593;138
264718;143
265709;10
265805;222
267437;187
268516;33
269656;172
272810;123
272947;98
273156;59
273452;72
273902;195
274525;52
274726;20
281213;77
282542;68
283643;170
285523;223
286658;263
289682;268
289989;142
290850;133
291291;25
291293;23
294157;15
294570;29
296733;62
297123;83
297887;279
301364;62
304231;142
304946;80
306401;12
307896;133
307902;278
308466;178
310148;62
310961;97
311978;142
313595;9
314131;244
316222;192
316310;61
320383;186
322893;36
323422;1
323917;108
327856;20
328544;163
328558;241
328616;61
328862;154
333524;133
334308;93
335726;114
337116;271
338039;133
338387;80
339204;213
340226;213
341736;39
341801;93
342283;195
342288;59
342289;85
343623;96
343669;14
344207;102
345407;267
345477;63
345687;112
345942;150
346787;93
348446;266
349828;181
349946;234
350248;81
351100;229
352728;257
352745;192
355685;31
356330;136
357096;276
359859;9
362028;206
363888;202
364302;197
364780;31
365357;156
365525;86
366420;234
368267;181
372105;8
375046;272
377067;154
377256;56
378777;167
386008;180
386060;67
388647;277
388919;54
390607;20
395611;168
395695;83
396432;109
396658;233
397553;275
397828;251
398418;230
405807;218
406048;118
407498;185
408773;14
409656;90
412016;223
413610;132
414266;243
414993;34
415953;273
417323;25
421199;112
422917;165
423587;18
424131;172
424291;276
424494;150
424508;219
426072;145
427092;120
427643;2
428996;27
429338;167
429939;133
430516;181
432597;143
433371;190
434193;126
434912;56
434959;272
438773;48
439398;110
441188;56
444799;188
445305;278
445452;18
446741;40
446883;20
447420;170
447605;83
449154;229
449574;116
450008;15
450199;23
450787;269
450898;123
453299;194
453495;238
453888;253
455216;215
455321;256
459331;9
460562;23
462851;154
462852;24
463991;9
465447;55
468522;166
475385;55
476643;54
477514;77
478880;50
480764;25
481128;48
482343;212
482896;266
482989;219
485176;174
485561;121
486717;51
487028;242
488966;64
489072;81
492451;266
493283;130
493983;22
496340;128
496595;21
497804;145
498337;159
498888;178
501025;227
501518;186
501523;112
504417;76
504598;104
504682;251
505174;74
505258;232
505380;29
506808;44
507276;93
508314;70
508486;9
513637;235
514312;145
516992;182
519208;31
519852;191
522490;215
522855;41
522893;165
524125;68
524288;70
524672;137
526109;112
528628;68
528714;197
531027;184
531145;75
531648;10
531732;190
535510;165
535513;7
536169;242
538968;87
539542;48
543204;246
550158;23
551336;70
552280;53
552645;130
555331;57
556499;203
556886;168
557675;180
557864;18
557991;98
558558;20
559065;156
559368;31
561115;172
563365;239
563507;112
563831;114
564088;16
564602;64
565700;116
566496;246
566594;67
567233;15
567691;246
567990;133
568433;104
570654;54
570736;239
571225;172
575333;266
575510;121
577468;225
578504;212
578886;214
579462;270
579483;14
581795;163
582000;93
582057;16
582421;40
582448;244
582755;169
582899;241
583588;101
584285;174
587360;183
587897;145
589337;269
592203;227
592808;87
593927;278
595005;32
596072;212
596225;80
596321;74
598306;225
598524;29
598537;48
599699;263
601037;9
601051;48
602111;105
603128;212
604347;176
605272;94
610898;70
613855;247
614515;150
615488;97
615554;280
616912;112
617112;129
617608;186
621305;59
621864;256
622815;53
625290;176
625970;197
626054;62
626696;226
626710;126
626884;189
626952;7
627407;126
629286;268
629314;225
630087;32
630510;146
630595;128
630598;141
630814;203
631313;32
631647;231
633946;40
634127;204
635965;244
639697;187
639862;235
640374;267
641573;66
645967;97
645969;128
647583;165
650722;186
652531;201
652937;102
659111;244
661269;263
661302;31
661304;156
663340;21
664774;203
667214;94
667434;221
675557;109
675771;56
677058;133
681430;186
686688;83
687119;121
687252;25
687601;279
688454;197
688532;14
689880;266
690103;133
690393;142
690617;94
694002;227
694003;183
694276;134
694575;76
696035;136
703466;239
704122;195
704709;94
705263;203
707508;133
707862;186
708146;112
708436;253
708993;223
710283;104
710798;25
710983;179
711861;21
712364;221
712404;130
712570;22
712841;105
713014;203
713463;68
714994;9
716624;187
716710;126
718143;204
718370;76
718388;80
718556;48
718965;70
718981;165
719020;203
719125;40
720351;25
721916;18
722803;165
722962;93
723015;9
723264;79
726394;116
726613;40
727917;80
728615;142
728617;76
728854;248
735684;126
735736;223
736918;105
738282;40
740265;268
740847;116
741737;29
742570;156
743046;179
743309;130
744250;156
744423;233
745312;114
748234;233
748561;137
748950;179
749251;116
750049;23
750068;25
752361;133
753644;208
754072;149
754493;228
762626;212
764751;228
765861;187
766047;74
766401;218
773721;74
773790;202
779832;62
780767;169
780829;197
782114;126
782376;113
782402;228
782859;225
782887;268
783141;104
783603;188
786880;21
791495;92
791550;270
791552;224
804975;67
804989;44
805361;97
805465;104
807575;128
807953;21
823668;208
830463;232
830675;164
834976;20
834979;10
835813;180
837433;83
840771;110
842627;87
859889;172
869659;212
870544;10
871401;20
886689;213
924694;97
935313;14
941929;172
943648;62
945550;269
948795;40
953672;212
953750;31
953753;156
953763;179
953766;133
961002;48
961013;87
961018;70
961325;242
961379;262
962051;49
962127;266
964582;129
965867;272
965868;156
965872;31
966048;9
966050;93
966980;62
966990;56
967683;22
967731;254
967856;107
968417;246
969503;262
969571;242
971634;21
972333;152
972764;36
973109;244
974458;223
980170;93
980927;142
982897;95
984295;59
984296;54
985849;116
985979;56
987378;186
987920;112
988015;20
990386;20
996342;187
996505;146
996580;275
996585;172
998032;80
998126;179
998375;191
998414;222
999665;275
1000316;268
1000503;213
1000595;203
1000956;90
1001519;197
1001788;97
1012631;69
1012632;164
1014876;156
1015450;212
1015455;282
1015915;126
1016112;225
1032329;123
1038084;9
1038217;48
1038248;38
1038483;25
1038509;76
1038603;29
1039410;48
1039459;225
1039500;203
1039632;156
1039845;105
1040676;15
