116;1699
462;1375
1286;2599
1290;1570
2485;203
2495;202
2503;245
2580;517
2842;1618
6152;1490
6272;1144
6786;2760
7331;672
7409;898
7412;1697
8941;119
8967;12
9542;174
10420;289
10741;545
10930;199
10931;199
11242;340
11350;1553
11368;1299
11605;2449
11753;1599
12272;62
12301;1008
12304;321
12662;69
12670;49
12680;39
13078;1699
13123;199
13451;497
14130;139
14249;18
14326;137
15063;44
15625;228
15883;1701
16076;278
16193;340
16873;8
17197;2799
17198;1499
17852;205
17909;18
18157;1217
18831;1041
19058;30
19064;39
19165;3106
19172;1284
21002;1308
21414;227
22404;5999
22473;169
22474;159
23448;236
23483;218
23699;706
24279;1499
24283;1399
24842;790
24878;269
25155;484
25227;10
25631;213
26079;1299
26085;1999
26203;1079
26506;1150
26622;44
26687;699
26868;230
26900;1463
27442;1741
27888;1696
29945;253
31158;2760
31777;121
32560;1559
34170;2399
34326;225
34794;39
36156;233
36170;200
36244;159
37565;188
38255;2099
38767;2921
39504;319
39639;45
39689;574
39749;1842
39769;14
40462;285
41144;1670
41279;42
41499;1143
41669;76
41931;231
42269;148
42746;2400
43451;653
43512;35
43563;149
43585;54
45057;349
45279;1207
45981;132
46440;56
46582;193
47082;504
47126;25
47289;316
47476;141
48611;675
49239;72
50040;316
50179;184
50301;47
50597;1319
50603;12
50654;342
50950;289
50979;229
51474;52
52206;547
52223;75
52805;30
53070;275
53262;35
53986;696
55499;2071
55803;45
55833;158
56018;322
56020;273
56074;64
57035;269
57873;59
58620;518
59581;699
60652;2055
61033;1949
61043;1799
61667;1662
62359;60
63204;41
63242;159
63867;535
64061;80
64248;64
64721;86
65072;1329
65094;378
65330;249
65520;195
65796;49
66239;11
66717;190
66721;190
66907;485
67079;18
67589;71
67610;88
67697;80
67846;55
68478;1741
68695;799
68779;224
68781;197
68952;185
69374;2799
69411;47
69807;940
70480;2598
70539;33
70835;224
70843;520
71125;1728
71875;182
72009;8999
72731;1499
72742;2749
72884;20
73820;330
74808;11
74972;1999
75197;51
75524;1189
75531;293
75649;1399
75725;128
76254;54
76685;1679
76855;524
76899;65
76945;29
77789;659
77798;269
77809;549
77858;365
78578;72
78721;155
78798;209
80195;1470
83783;82
85447;9456
86372;8999
87079;54
87909;1999
89753;1449
89755;969
91010;112
91032;209
91507;1299
91540;189
94465;199
94629;54
94924;56
95123;317
96024;15
98124;71
98312;1799
98434;111
99115;53
99119;72
99323;142
100129;2849
100167;141
101499;125
101520;46
101775;37
101866;64
102663;869
102983;343
105355;27
105641;514
106553;267
106750;2650
106892;338
108111;1246
109481;28
110181;142
110250;2999
111036;699
111050;9699
112082;231
113299;11
114826;263
115044;509
115520;949
116550;365
117504;75
118257;167
118521;1399
118847;144
120742;200
120925;13
121663;219
122012;24
122995;2744
123943;113
123992;36
124194;61
124417;246
124450;284
124911;269
125622;76
125766;1619
128004;59
128618;1751
129220;1249
129738;43
129794;9
130807;699
130831;299
131509;149
132046;141
132974;1729
133804;18
133806;51
134791;75
135161;13
135657;30
137719;215
138295;223
138400;532
138512;899
138514;31
140994;28
142075;205
142275;1736
142746;69
144487;1743
145028;2984
145029;1804
145409;1167
147136;269
147193;535
147364;299
150429;351
150695;979
151669;160
151676;93
152074;69
153825;69
155553;55
155916;81
156039;79
157279;73
158039;224
158389;75
158658;73
159634;31
160714;139
160722;19
161725;32
162173;61
163106;24
163304;39
164325;192
164740;1569
165584;2699
165809;69
165888;59
167175;47
167303;24
167810;33
168995;2016
169073;24
170291;39
172569;21
172620;261
173402;82
173574;1998
174097;389
174372;21
175157;26
175166;209
175403;10
175647;39
176314;1138
177113;30
182202;36
184335;6887
185177;46
185348;2799
185357;1699
186605;49
187424;60
188102;5090
188716;199
189481;41
190699;99
191515;39
193210;159
194658;21
196469;31
197806;35
197878;149
198191;1206
198477;17
198675;34
198963;105
201384;293
203550;578
203712;86
203848;168
204735;533
205370;34
205901;44
206959;1326
207046;20
207102;59
207364;149
207383;72
207399;155
208427;408
208968;1115
210191;158
210960;490
212154;15
212195;43
212309;193
212708;449
213800;23
215363;241
215633;262
216549;6
216613;85
216692;99
216700;149
216840;103
216975;233
217883;476
219639;189
219671;8999
219975;39
220265;512
220932;135
222326;443
222329;1666
222822;878
224304;20
224441;69
227631;703
227692;1201
231417;27
233207;124
233807;34
234368;47
234964;1296
235056;727
235191;35
236378;35
237009;38
237659;127
240950;78
241802;249
242428;34
243406;373
244294;2299
247637;58
248350;49
248998;1225
249347;29
249601;1219
250060;529
250281;20
252890;246
253788;10
253793;172
253825;29
255261;191
256099;243
256868;2124
257809;129
257812;394
257814;287
257950;273
258023;44
258727;699
259561;53
259565;45
259751;38
259758;45
259766;59
260564;149
261291;88
261854;13
262174;61
262224;184
262225;281
262292;281
264718;223
265709;34
265718;36
265805;277
266437;71
268516;24
269041;28
269566;48
271943;1502
272681;54
272810;52
273001;99
273156;39
273452;10
274525;64
276439;71
281213;38
281325;58
282542;216
287443;524
289449;59
289989;458
290850;45
291291;67
296733;43
297887;34
297973;18
300567;213
301364;49
304946;63
305903;19
306401;39
307896;39
308456;249
308466;700
310148;50
310961;169
311978;512
312433;238
312486;243
314131;744
315637;215
316310;29
316428;538
320383;423
321265;18
322302;159
322893;1404
323422;1299
323917;9
324528;24
325869;35
325870;250
328544;33
328616;17
328630;14
328636;37
328862;15
334542;65
335726;1266
336020;20
337245;73
338387;58
338970;252
339204;65
340226;144
340740;29
341736;53
342283;239
343669;19
344207;52
344633;26
344636;29
345255;21
345477;11
345942;27
346828;26
348446;59
350248;21
351100;44
352745;66
353244;155
361878;24
362028;14
363888;29
364780;267
365525;106
367353;103
367561;343
368267;53
371645;145
371706;199
372105;79
374896;58
375046;381
377067;20
377256;20
377947;53
380098;50
380196;99
381148;58
386060;903
386815;36
388647;999
388919;29
394443;8
395611;28
396658;273
396659;273
397498;147
397548;31
397553;105
397828;1185
398418;24
404446;15
406045;199
408773;14
409656;1319
412016;1497
412194;326
413610;1206
414266;291
414993;19
421199;1129
421700;969
422917;36
424131;115
424291;59
425426;2
427092;1769
427643;29
428996;36
429476;220
429939;44
429995;19
430516;55
434193;567
434912;23
434959;190
435201;14
435439;335
437545;45
438486;1899
438773;2849
439398;267
441188;19
443049;255
444046;1120
444498;30
444799;89
445452;1298
445775;2689
447420;199
449154;29
449631;200
449685;1709
450199;50
450729;8549
451949;2941
452404;1565
453299;3
453495;40
454843;342
455216;116
455321;43
455411;60
460562;69
463991;1422
465447;49
468522;269
472025;17
475385;38
476643;37
481218;1899
482343;143
482896;45
485176;89
485561;31
486650;165
486717;34
488966;371
493283;28
495606;36
496340;176
496595;220
496635;187
497804;242
498344;648
498888;542
501025;187
501518;313
501523;1025
504417;365
504653;27
504682;967
505174;15
505258;16
505380;1847
506808;238
507269;2703
510373;113
519208;253
519852;13
521601;40
522893;39
524125;226
524288;1699
524672;198
524814;53
527905;5266
528462;93
528628;235
528648;108
528714;509
531503;1954
531732;109
532736;1085
534897;75
536251;198
539208;2377
539542;2841
541486;38
543204;1695
546848;55
549132;123
552072;1274
555331;53
556886;37
558558;33
561771;160
563507;997
563831;1187
565700;234
566496;1729
566594;721
566633;59
566698;53
567233;349
567691;1629
567990;42
569826;449
570654;32
570736;233
571225;102
572112;6
574876;24
575198;482
575333;43
575510;20
575676;16
577870;13
578166;320
579434;29
580001;215
580439;57
582057;363
582372;2890
582421;212
582755;450
583588;30
584285;89
587360;261
587897;227
591063;274
591676;319
592142;127
592203;186
592808;2084
592813;1749
593927;22
594802;101
595005;27
596116;142
596929;4939
598524;1899
598537;2849
599869;9899
599881;2199
601025;1699
601051;2899
601988;206
602111;65
603128;148
604347;10
607357;470
608444;521
609066;13
609301;1026
610417;59
610898;1685
615787;41
616912;978
621305;39
621703;39
622172;76
623745;488
625290;22
625970;482
629286;237
629314;231
630051;228
630087;27
630544;47
630814;127
631313;26
633946;210
635965;667
639681;40
639697;8
639862;24
640210;604
645967;147
647568;1818
650621;919
651894;5578
651901;2139
652027;1616
652739;112
652937;37
653205;50
653217;52
655858;487
656160;37
659204;382
661302;225
661304;202
663340;173
664774;141
665085;118
667282;168
667434;186
671808;234
672952;29
677211;212
677871;29
677877;44
683562;29
686688;115
687119;23
687252;80
687394;2
687595;46
687601;31
687661;220
688532;19
688608;552
688618;66
689880;44
690391;301
690393;471
693990;166
694002;195
694003;235
694276;37
694513;201
695280;30
696035;13
698335;29
699347;214
701366;42
703466;199
704643;97
704709;97
705263;133
707277;38
707508;41
707630;2760
707862;317
708146;955
710283;154
710798;67
710983;63
712358;160
712841;59
713463;206
714994;1665
715825;41
716215;484
716624;8
716710;500
716878;41
717594;323
718143;55
718388;62
718556;2751
718965;1818
718981;37
719020;128
719125;217
719150;42
720351;67
721916;1236
722707;305
722787;1818
722803;37
725519;326
726394;192
727751;538
728617;318
728854;79
732594;458
732690;50
735684;480
738282;208
738328;49
739310;1149
740256;35
740265;240
740847;215
741737;1961
742570;213
743046;59
743572;145
744250;205
744426;225
747532;25
748230;264
748233;275
748234;208
748950;57
749251;199
750961;229
751697;239
752461;1252
753911;34
757839;40
760257;61
763245;153
764751;278
765970;31
766401;50
773721;19
779832;45
780767;450
780829;651
782376;1356
782402;266
782859;264
783171;220
783603;99
789301;154
791550;60
791552;16
791556;28
799491;17
804989;243
805465;146
807953;173
818917;1054
823668;6
830463;17
830674;484
830675;876
834976;40
835791;63
835813;37
837433;146
840771;252
842627;2182
870544;38
885821;37
886689;63
902089;62
915820;37
924694;143
934836;214
942081;34
943648;43
945085;179
945550;22
948795;202
953672;134
953750;214
953763;55
953766;40
953794;17
961013;2252
962127;38
965867;226
965868;233
966050;1349
966990;59
967683;9
967889;699
968417;1729
968476;999
969550;9297
971428;513
971634;173
972333;5578
973109;709
979459;62
980170;1639
983363;376
984296;34
985849;201
985979;22
986752;993
988015;35
990386;42
990892;349
996342;11
996580;114
996945;2023
997886;338
998032;66
998126;77
998375;9
998435;156
999665;119
1000316;278
1000503;65
1000595;136
1000899;76
1000956;1334
1001519;500
1001788;138
1001792;130
1001824;25
1003443;378
1004706;41
1012631;404
1012632;762
1014876;227
1015450;242
1015455;285
1032329;58
1038084;1320
1038217;2575
1038247;1620
1038248;780
1038483;94
1038508;631
1038509;437
1038603;2322
1039459;340
1039632;265
1040055;363
1040520;296
1040676;447
1041258;615
