462;36
1665;156
2485;156
2503;182
2838;93
2842;9
4376;9
5226;70
6127;112
6152;9
7331;67
7409;38
7412;9
7917;9
8745;211
8921;186
8941;249
8967;191
9542;53
10452;116
10770;191
11242;183
11350;120
13078;9
13123;53
13451;107
14130;212
15014;146
15532;145
15883;93
16873;63
16973;186
16977;246
17197;242
17198;260
17241;48
17358;242
17909;269
18068;203
18157;260
19064;81
19165;242
19172;260
20893;32
20938;186
21414;31
21428;112
21489;183
22474;128
23174;232
23448;31
24204;36
24279;260
24283;149
24842;38
24878;117
25026;242
25155;69
25227;191
25629;31
26079;36
26085;120
26506;18
26687;19
26868;40
26900;93
27888;246
30011;260
30605;31
30979;246
31777;249
34794;133
35465;29
36156;272
36170;116
36244;184
37775;95
38255;247
38350;111
38384;18
39275;31
39504;186
39639;218
39689;178
39749;70
39769;72
40238;53
41279;263
41499;112
41669;8
41931;40
42081;76
42269;212
42746;87
43512;101
43563;128
43580;56
43585;62
43958;160
44037;29
44119;178
44162;48
44862;20
45057;16
45981;83
46295;105
46440;179
46860;48
47126;168
47289;15
48490;118
48611;244
49629;38
50040;64
50179;227
50603;206
50654;64
51474;181
52206;67
52223;179
52883;269
53306;211
53358;15
53986;19
54249;249
54568;200
55230;33
56020;227
56027;72
56509;260
56897;112
58620;197
58925;117
59581;178
60652;250
61667;93
62264;162
62359;207
63242;127
63255;158
63867;197
64061;215
64721;105
65094;186
65171;40
65330;182
65706;200
65766;105
65796;235
66239;187
66717;233
66721;137
66847;36
67079;61
67610;25
67846;133
68331;223
68697;93
68781;156
69374;242
69411;241
70443;9
70835;84
71125;9
71633;178
71875;220
72009;75
72884;33
75200;204
75374;112
75649;260
76163;19
76685;246
76696;112
76855;126
76899;179
76945;33
77804;60
77809;78
78578;248
78798;40
80195;260
80867;95
82989;171
85391;242
85447;262
86543;187
87079;179
87909;70
88359;67
89075;75
89753;93
89755;38
91540;156
91739;109
94426;121
94428;212
94465;40
94490;179
94924;98
95547;53
95561;226
95643;121
96024;157
96034;53
97641;117
98016;23
98411;20
98434;172
98690;14
99115;129
99595;25
100129;48
100574;242
100991;31
101039;224
101499;190
101775;20
101866;23
102090;1
102663;38
102983;64
103058;8
105355;51
106457;127
106750;48
108111;90
109481;95
109864;187
110052;4
110084;95
110250;42
111050;262
111243;78
111244;60
111525;227
111532;183
112082;76
113813;235
114943;44
115044;142
116550;64
116753;42
117271;155
118847;203
119172;268
121224;76
121663;156
122012;144
122995;48
123303;40
123943;146
123992;165
124286;97
124417;272
125766;9
126977;116
128618;9
128855;29
129220;1
129738;55
130445;191
130807;178
130831;145
132046;79
132551;22
132974;246
135965;80
137719;40
138295;272
139777;149
140901;76
141207;178
142746;8
142907;212
144196;222
144482;49
144487;9
145028;48
145029;93
147136;117
147364;76
148487;55
150429;282
150695;112
151669;205
151676;220
151697;58
152065;134
153825;248
155553;105
155916;215
157279;248
158389;25
159737;87
160714;128
162173;105
164740;246
167175;80
167283;141
167303;201
169073;176
170291;133
171195;234
171926;15
172569;278
172620;31
173153;231
173402;248
173574;120
174097;186
174159;144
174372;4
175403;187
175647;163
176314;138
176727;116
179927;36
182202;216
184217;208
184335;254
184550;171
185177;180
185348;48
186605;280
186813;216
187424;148
188102;152
189480;161
190699;177
191515;20
192282;80
193210;127
194658;4
196469;168
197268;172
197806;102
198675;229
198963;172
200269;265
201384;282
202329;266
203712;248
203779;191
204735;259
205370;130
206816;42
207046;253
207383;141
207399;203
208148;94
208463;68
209414;162
209792;201
210611;230
210960;197
212309;233
212349;93
212492;182
212708;107
213800;130
214254;77
215363;268
215633;225
216549;22
216700;184
216840;94
219639;158
220265;126
220932;146
222329;82
223807;126
224304;201
224441;270
225112;23
225937;203
226811;253
227113;18
227382;254
227631;244
229503;277
229680;114
230295;199
230668;83
232845;206
233221;268
233598;191
233705;104
233807;51
234964;18
237009;77
237659;94
239426;118
240803;135
240950;213
242070;225
242218;258
242831;75
243062;152
243406;15
244294;211
244297;70
244982;266
248359;21
249347;7
249601;223
249768;79
250281;56
250520;244
251919;250
251967;177
253737;130
253788;72
255261;116
255440;187
256868;250
258023;273
258450;190
258618;275
259553;172
259751;266
259758;10
259766;98
260189;180
260561;16
260564;203
261768;77
262124;172
262174;123
262224;227
262225;183
262292;41
262621;22
263027;119
263127;222
263788;207
264062;33
264718;143
265718;180
265805;222
267437;187
269041;157
269566;23
273156;59
274281;239
276439;162
281325;181
283643;170
285523;223
287443;142
289449;129
291291;25
294157;15
294570;29
294777;15
296733;62
297714;18
297887;279
297973;125
299279;132
307896;133
308466;178
310961;97
311978;142
312106;97
312433;156
313595;9
316228;63
316310;61
316337;214
319154;127
322302;128
323917;108
324528;229
325869;54
327856;20
328544;163
328558;241
328636;102
329034;280
334274;38
334308;93
334542;88
335726;114
336020;24
337116;271
337632;55
338039;133
338970;76
339204;213
340226;213
340740;115
342283;195
342288;59
342289;85
343623;96
343669;14
344633;61
345255;214
345407;267
345477;63
345687;112
345942;150
349828;181
349946;234
350248;81
352728;257
352745;192
353113;276
353244;106
355685;31
356330;136
357096;276
359859;9
359951;138
363888;202
364780;31
365357;156
365916;74
366420;234
367353;148
367561;15
368267;181
371706;156
372105;8
374896;241
375046;272
377067;154
377256;56
378777;167
381148;10
386060;67
386815;133
387569;20
390607;20
394443;208
395695;83
396432;109
396658;233
396659;137
397498;146
397548;54
397828;251
404446;34
405807;218
406048;118
407498;185
409463;110
409656;90
412194;110
413459;144
413610;132
414266;243
414993;34
415953;273
417323;25
422704;28
424131;172
424291;276
424494;150
425426;187
426072;145
427092;120
427643;2
429476;84
429995;33
430516;181
432597;143
433371;190
435201;14
437545;59
438488;38
438773;48
439398;110
443049;282
444799;188
445305;278
445452;18
446741;40
446883;20
447420;170
449154;229
449574;116
450199;23
450787;269
450898;123
451949;242
451953;117
453299;194
454843;16
455216;215
455321;256
455411;240
457716;179
459331;9
460562;23
463855;270
463991;9
465447;55
468522;166
474456;90
475385;55
476643;54
477514;77
478880;50
480764;25
481128;48
482348;121
485187;103
485561;121
486650;143
486688;188
486717;51
486798;15
487028;242
488966;64
489061;32
492451;266
492604;18
493367;266
495606;280
497804;145
498344;67
498888;178
501025;227
501518;186
504653;7
505174;74
505380;29
506808;44
507269;48
508314;70
508486;9
510373;172
516992;182
519208;31
521601;180
522490;215
522855;41
522893;165
524288;70
524672;137
524819;179
524914;133
528462;94
528648;172
528714;197
531145;75
531503;29
531648;10
531732;190
531904;98
534897;25
535510;165
536141;262
536169;242
536251;233
536982;266
538968;87
539208;242
539542;48
541486;55
543204;246
546848;179
549132;190
550158;23
550650;31
552280;53
552645;130
553560;187
556499;203
557682;59
557864;18
557991;98
558558;20
559065;156
559368;31
561115;172
561771;128
564088;16
564602;64
565700;116
566594;67
567990;133
568433;104
569154;64
570736;239
571225;172
572112;187
574876;33
575198;197
575510;121
577468;225
577870;4
578166;76
578504;212
580001;40
580321;63
580439;179
580511;61
581654;222
581795;163
582057;16
582448;244
582899;241
583583;165
583588;101
584285;174
587360;183
587855;212
588547;269
588568;36
589083;266
589337;269
594802;172
595005;32
595012;38
596072;212
596225;80
596929;152
598524;29
599699;263
599869;75
599881;70
600401;112
601037;9
601051;48
601988;68
602111;105
603128;212
604347;176
605090;212
605272;94
607899;15
608444;126
609066;191
609301;251
610417;226
613855;247
615488;97
615554;280
616179;208
616912;112
617112;129
617608;186
622815;53
625290;176
626696;226
626952;7
627407;126
628538;211
629286;268
629314;225
629836;88
630595;128
631647;231
634127;204
639862;235
640210;111
640374;267
645967;97
645969;128
650621;112
651894;152
651901;211
652531;201
652739;270
652771;281
652937;102
653217;150
661269;263
661302;31
663252;97
663340;21
672952;279
675557;109
675627;102
675771;56
677058;133
677207;31
677871;279
677877;226
681430;186
683562;130
686688;83
687252;25
687601;279
688454;197
688532;14
690103;133
690391;76
693990;79
693996;221
694003;183
694276;134
694513;116
696035;136
698335;216
700769;186
701366;256
704122;195
704643;94
704709;94
707261;70
707406;186
707508;133
707630;48
707862;186
708146;112
708993;223
710562;101
710798;25
710983;179
712358;79
712404;130
712570;22
712652;212
712841;105
713014;203
713336;7
713463;68
713528;22
715825;266
716215;126
716710;126
716878;133
717594;64
718388;80
718965;70
718981;165
719150;133
720327;23
722091;112
722707;186
722787;70
722803;165
726613;40
727917;80
728597;204
728615;142
728617;76
728854;248
728941;80
731581;112
732690;181
735684;126
736918;105
737394;263
738328;163
739310;223
739717;190
740256;99
740847;116
741154;239
742570;156
743046;179
744250;156
744426;137
747532;130
748233;268
748234;233
748672;179
750049;23
750961;31
751697;228
752361;133
753639;192
753644;208
753911;99
753926;268
754493;228
754758;31
755540;55
757839;77
760091;40
763245;50
764751;228
765970;235
766047;74
766401;218
773721;74
779832;62
780767;169
782633;66
783603;188
784435;190
791495;92
791550;270
791552;224
796211;218
804975;67
804989;44
805361;97
805465;104
807575;128
807953;21
818917;231
819199;59
830463;232
830674;69
830675;164
834976;20
837433;83
840771;110
842627;87
843761;127
859889;172
869645;266
869659;212
870544;10
871404;123
876382;276
885821;180
902089;179
915820;216
924694;97
934836;68
941929;172
943648;62
945085;97
948795;40
953670;55
953672;212
953753;156
953763;179
953766;133
961002;48
961013;87
961018;70
961325;242
962051;49
962127;266
962191;70
964582;129
965867;272
965868;156
965872;31
966178;9
966204;75
966980;62
966990;56
967683;22
967731;254
968417;246
969503;262
971634;21
972333;152
974345;68
974458;223
980170;93
980927;142
983363;243
984295;59
985849;116
985979;56
986752;277
987378;186
987920;112
988015;20
990386;20
996256;15
996342;187
996505;146
996580;275
996585;172
996945;211
997886;124
998126;179
998375;191
998435;220
999665;275
1000316;268
1000503;213
1000629;239
1000956;90
1001519;197
1001792;128
1001824;253
1004706;180
1004710;190
1005721;31
1012631;69
1012632;164
1014876;156
1015450;212
1015915;126
1016112;225
1032676;98
1038084;9
1038217;48
1038248;38
1038509;76
1038603;29
1039459;225
1039500;203
1039649;93
1040055;268
1040521;233
1040676;15
1041258;197
