462;36
1286;48
1665;156
2485;156
2580;178
4936;178
5226;70
6272;223
6786;48
7409;38
8745;211
8921;186
8941;249
8967;191
10741;178
10931;21
11056;145
11242;183
11350;120
11368;260
11753;9
12304;186
12594;120
12680;55
13078;9
13123;53
13451;107
14249;176
14326;184
15014;146
15532;145
15883;93
16873;63
16973;186
16977;246
17016;218
17198;260
17358;242
17909;269
19058;32
19064;81
19172;260
20701;212
21414;31
21428;112
21897;179
22473;97
22474;128
23448;31
23483;156
23702;254
24279;260
24842;38
24878;117
25026;242
25155;69
25227;191
25429;211
25631;156
26156;242
26203;112
26680;107
26868;40
29945;183
30605;31
30621;128
30979;246
31777;249
31988;31
32560;93
35465;29
36170;116
36244;184
37565;249
37775;95
38255;247
38346;251
38350;111
38767;48
39504;186
39639;218
39689;178
39769;72
40238;53
40462;282
41236;25
41279;263
41499;112
41669;8
41931;40
42077;142
42081;76
42269;212
42746;87
43451;244
43580;56
43958;160
44037;29
44119;178
46295;105
47082;178
47126;168
47289;15
48611;244
49239;179
49946;212
50040;64
50179;227
50597;36
50654;64
50950;186
50979;183
51474;181
52223;179
52805;161
52883;269
53070;198
53262;51
53358;15
54249;249
55499;120
55803;266
55833;212
56018;183
56020;227
56074;5
56509;260
56897;112
57035;228
57822;53
58620;197
58849;80
58925;117
60255;123
60652;250
61043;9
63242;127
63867;197
64248;25
64804;144
65072;93
65171;40
65706;200
65766;105
66239;187
66316;126
66717;233
66847;36
66907;197
67079;61
67589;23
67695;181
67948;225
68478;93
68695;38
68779;31
68781;156
68952;227
69411;241
70835;84
70843;142
71633;178
72009;75
73036;105
74642;266
75197;80
75200;204
75374;112
75524;200
75531;117
75725;94
76163;19
76254;270
76696;112
76855;126
76899;179
76945;33
77789;19
77804;60
80195;260
80340;107
82989;171
86543;187
87909;70
89075;75
89753;93
89755;38
91032;31
91179;128
91507;260
91540;156
91862;107
94426;121
94428;212
94465;40
94490;179
94629;123
94924;98
95123;186
95561;226
95643;121
96024;157
96034;53
97641;117
98016;23
98434;172
99323;220
99588;114
99913;34
100129;48
100167;212
100574;242
100627;95
100990;156
101498;10
101775;20
102663;38
102983;64
103058;8
103916;53
105641;197
106457;127
106553;222
106892;186
108111;90
110052;4
110084;95
110250;42
111525;227
111532;183
112082;76
113299;214
113813;235
114826;268
114943;44
115044;142
115650;246
115679;112
116550;64
116753;42
117271;155
118521;171
118847;203
119172;268
120925;103
121224;76
122012;144
122995;48
123256;126
123303;40
123943;146
124194;213
124417;272
124450;225
124911;222
125622;179
125629;77
126360;15
128618;9
128855;29
129001;76
129220;1
129794;187
129865;54
130445;191
130651;278
130807;178
130831;145
132045;221
132046;79
132974;246
133804;278
134791;215
135657;2
137719;40
138400;126
139777;149
140901;76
140994;115
141207;178
142075;116
142275;171
142746;8
144134;40
144487;9
145028;48
145029;93
147136;117
147193;142
149664;142
150669;7
150695;112
151697;58
152065;134
152074;23
152687;25
153825;248
155553;105
155916;215
156039;179
157279;248
158658;179
159634;100
159737;87
160714;128
163106;216
164325;167
164740;246
165584;242
167810;88
169073;176
170291;133
171827;184
173153;231
173402;248
175157;216
175577;203
176314;138
176335;274
176766;55
179927;36
184335;254
185348;48
186605;280
186813;216
187424;148
187456;2
188716;116
189480;161
189481;280
189927;172
190951;90
191014;123
191515;20
193210;127
194658;4
195803;98
196469;168
197268;172
197806;102
197885;205
198114;98
198909;180
199200;39
200269;265
201384;282
202225;48
203338;16
203712;248
203779;191
203848;212
205370;130
206816;42
206959;223
207046;253
207102;80
207364;220
207383;141
207399;203
208427;16
209414;162
209792;201
212195;59
212309;233
212492;182
215363;268
216549;22
217883;142
218565;281
219639;158
219671;75
220538;87
222329;82
222822;164
223742;34
223807;126
224441;270
225937;203
226811;253
227113;18
227382;254
231417;230
232845;206
233207;84
233807;51
234964;18
235056;244
235191;54
236378;130
237009;77
237659;94
241919;80
242070;225
242218;258
242448;127
242831;75
243406;15
244121;204
244294;211
247637;181
247998;206
248359;21
249347;7
249768;79
250048;234
250060;142
250281;56
251919;250
251967;177
252889;233
252890;137
253295;243
253737;130
253788;72
255261;116
256099;282
256868;250
257814;68
257950;137
258618;275
259561;57
259758;10
259766;98
261291;248
261768;77
262174;123
262225;183
262621;22
263027;119
263127;222
263788;207
265709;10
266437;162
269041;157
269566;23
272681;181
272810;123
272947;98
273156;59
273452;72
273902;195
280138;49
281213;77
282542;68
285523;223
286658;263
287443;142
289449;129
289682;268
289989;142
290529;240
290850;133
291293;23
294777;15
294781;133
297123;83
297973;125
300567;40
301364;62
304942;181
304946;80
305903;232
306401;12
308456;145
310961;97
311978;142
312106;97
312433;156
312486;31
313595;9
314131;244
315637;116
316222;192
316310;61
319154;127
320383;186
323422;1
323917;108
324528;229
325870;239
328616;61
328862;154
333524;133
334274;38
334308;93
336020;24
337116;271
337245;25
337632;55
340740;115
341736;39
342283;195
342288;59
343623;96
343669;14
344207;102
344633;61
344636;281
345255;214
345407;267
345414;179
345474;208
345687;112
345942;150
346828;176
348446;266
349828;181
350248;81
351100;229
352745;192
355685;31
356330;136
357096;276
359859;9
359951;138
362028;206
363888;202
365525;86
365916;74
366420;234
368267;181
371645;127
372105;8
374896;241
375046;272
377067;154
377256;56
378777;167
381148;10
386060;67
387569;20
388919;54
390607;20
394443;208
395611;168
395695;83
396432;109
396658;233
396659;137
397498;146
397553;275
397828;251
405807;218
406048;118
407498;185
408773;14
409463;110
412194;110
414266;243
414993;34
417323;25
421199;112
421700;277
422704;28
422917;165
423587;18
424494;150
424508;219
425426;187
427092;120
428996;27
429476;84
429939;133
429995;33
433371;190
434193;126
434912;56
435942;124
437545;59
437551;239
438773;48
439398;110
441188;56
443049;282
444498;226
444799;188
445305;278
445452;18
445775;242
446741;40
446883;20
447420;170
447605;83
449631;272
449685;247
450008;15
450199;23
450729;75
451949;242
451953;117
452404;9
453495;238
453888;253
454843;16
454998;126
455321;256
456516;5
457716;179
459331;9
460562;23
462852;24
463855;270
465447;55
468522;166
472025;219
474456;90
475385;55
482343;212
482989;219
485176;174
485561;121
486688;188
486798;15
486882;230
489061;32
492604;18
492766;266
493367;266
493983;22
495606;280
496595;21
497891;141
498337;159
498888;178
501518;186
501523;112
504598;104
504653;7
504682;251
505174;74
505380;29
506808;44
507276;93
508314;70
508486;9
510373;172
513637;235
514312;145
516992;182
521601;180
522490;215
522893;165
524288;70
524814;23
524819;179
524914;133
526109;112
527735;32
528462;94
528628;68
528648;172
528714;197
531027;184
531145;75
531904;98
534897;25
535510;165
535634;80
536141;262
536169;242
536251;233
536982;266
538968;87
546848;179
549132;190
550158;23
550650;31
551336;70
552072;36
552280;53
552645;130
553867;244
555331;57
557682;59
557864;18
558558;20
559368;31
561115;172
561771;128
563365;239
563507;112
563831;114
564088;16
564602;64
565700;116
566496;246
566633;204
567233;15
567691;246
568433;104
568460;179
569154;64
570654;54
570736;239
571225;172
572112;187
575198;197
575510;121
577468;225
577870;4
578504;212
578886;214
580001;40
580321;63
580439;179
580511;61
582057;16
582372;48
582421;40
582755;169
582899;241
583588;101
584285;174
587855;212
588547;269
588568;36
589083;266
591063;225
591676;76
591677;142
592142;203
592203;227
592813;70
593927;278
594282;133
595005;32
596225;80
596321;74
596519;156
598537;48
599699;263
601025;93
601037;9
601051;48
602111;105
603128;212
605090;212
605272;94
609066;191
610417;226
610625;184
614515;150
615488;97
615787;216
616179;208
616912;112
617112;129
617608;186
621703;180
621864;256
625290;176
625970;197
626054;62
626696;226
626710;126
626884;189
626952;7
627407;126
629286;268
629314;225
629836;88
630051;44
630087;32
630510;146
630595;128
630598;141
631313;32
631647;231
633946;40
635965;244
639681;55
639697;187
640210;111
641344;203
641573;66
645969;128
647568;70
652027;93
652739;270
652937;102
653205;115
653217;150
655842;172
656160;20
658602;137
659111;244
659204;76
661269;263
661304;156
663340;21
664774;203
665085;94
667214;94
667282;79
667434;221
671808;40
675771;56
677207;31
677877;226
681430;186
687119;121
687252;25
687394;22
688454;197
688532;14
688618;179
689880;266
693996;221
694003;183
694513;116
696035;136
698335;216
699347;156
700769;186
701366;256
704122;195
704643;94
704709;94
705263;203
707261;70
707406;186
707630;48
707862;186
710283;104
710779;23
710798;25
712364;221
712570;22
712652;212
712841;105
713014;203
713463;68
713528;22
716624;187
716710;126
717594;64
718143;204
718370;76
718388;80
718981;165
719150;133
720327;23
720351;25
722707;186
722787;70
723015;9
723264;79
725519;64
727751;118
728134;146
728597;204
728615;142
728941;80
731581;112
732594;259
732690;181
735684;126
735736;223
736918;105
737394;263
739310;223
740256;99
740265;268
741154;239
741737;29
742570;156
743046;179
743572;203
744250;156
745312;114
747532;130
748233;268
748234;233
748672;179
748950;179
749251;116
750049;23
750068;25
751697;228
752361;133
753639;192
753644;208
753911;99
753926;268
754072;149
754758;31
760091;40
763245;50
766047;74
773790;202
779832;62
780767;169
780829;197
782114;126
782376;113
782633;66
782859;225
782929;99
783171;44
786880;21
789384;56
791495;92
791550;270
791556;66
796211;218
804975;67
804989;44
805361;97
805465;104
807953;21
819199;59
830463;232
830674;69
830675;164
834976;20
834979;10
838574;152
840771;110
859889;172
869645;266
869659;212
871404;123
882088;222
885821;180
902089;179
915820;216
924694;97
934836;68
941929;172
945550;269
953670;55
953763;179
953766;133
953794;230
961013;87
961018;70
961379;262
962051;49
962127;266
962793;38
964582;129
965868;156
965872;31
966027;48
966048;9
966050;93
966178;9
966990;56
967731;254
967889;78
969503;262
969550;75
969571;242
971428;178
971634;21
972333;152
972764;36
973109;244
974458;223
985979;56
986752;277
987378;186
988015;20
990892;64
996256;15
996505;146
996580;275
996585;172
996945;211
997886;124
997888;259
998126;179
998375;191
998414;222
999665;275
1000595;203
1000629;239
1001214;76
1001788;97
1001824;253
1003443;186
1004710;190
1005721;31
1012631;69
1015450;212
1015455;282
1016112;225
1032676;98
1034604;172
1038084;9
1038217;48
1038247;93
1038248;38
1038508;142
1038603;29
1039410;48
1039459;225
1039632;156
1040676;15
1041258;197
