1286;48
2485;156
2495;116
2503;182
2842;9
4376;9
4936;178
6272;223
6786;48
7331;67
7409;38
9639;33
10356;156
10420;225
10741;178
10770;191
10930;170
10931;21
11056;145
11242;183
11350;120
11368;260
11936;112
12272;204
12304;186
12594;120
13078;9
13451;107
14249;176
14326;184
15014;146
15063;266
15532;145
16076;222
16193;76
16870;165
16977;246
17016;218
17909;269
18068;203
18077;273
18157;260
19064;81
19165;242
19172;260
20701;212
20893;32
20938;186
21414;31
21897;179
22404;152
22474;128
23483;156
23699;19
23702;254
24279;260
24842;38
24878;117
25155;69
25227;191
25429;211
25629;31
25631;156
26085;120
26203;112
26506;18
26868;40
26900;93
27442;246
27888;246
28660;156
30011;260
30605;31
30621;128
30979;246
31158;48
31988;31
34170;87
34326;28
34794;133
35465;29
35719;48
36170;116
38255;247
38346;251
38384;18
38767;48
39275;31
39639;218
39749;70
39769;72
40238;53
41236;25
41279;263
41669;8
42077;142
42081;76
42746;87
43451;244
43512;101
43563;128
43585;62
44037;29
44119;178
44162;48
44862;20
45279;18
45377;251
45981;83
46440;179
46860;48
47082;178
47289;15
49239;179
49946;212
50040;64
50597;36
52206;67
52805;161
52883;269
53070;198
53306;211
53358;15
53930;260
54249;249
54568;200
54750;53
55230;33
55803;266
55833;212
56020;227
56074;5
56897;112
57035;228
57822;53
58620;197
60652;250
62658;80
63255;158
64061;215
64721;105
64804;144
65072;93
65094;186
65330;182
65520;40
65706;200
65766;105
65796;235
66239;187
66316;126
66717;233
66721;137
66847;36
66907;197
67610;25
67695;181
67846;133
68331;223
68478;93
68695;38
68697;93
68779;31
68952;227
69374;242
69580;182
70443;9
70480;48
70835;84
71125;9
71633;178
71875;220
72731;93
72742;48
72884;33
74808;4
75374;112
75531;117
76163;19
76685;246
76855;126
76899;179
77798;117
77858;124
78297;178
78721;184
78954;93
80195;260
80340;107
80867;95
83783;245
85391;242
85447;262
86372;75
87909;70
88359;67
89148;16
89342;145
89753;93
91010;94
91032;31
91179;128
91507;260
91540;156
91739;109
91862;107
94426;121
94465;40
94490;179
94629;123
94924;98
95123;186
95547;53
95643;121
96024;157
96034;53
97641;117
98016;23
98124;141
98312;9
98411;20
98434;172
99119;62
99323;220
99588;114
99594;23
99913;34
100129;48
100167;212
100574;242
100627;95
100990;156
100991;31
101498;10
101520;180
101866;23
102090;1
102663;38
102983;64
103916;53
105355;51
106553;222
106892;186
106904;112
107990;93
109481;95
109864;187
110052;4
110084;95
110181;146
110250;42
110949;267
111036;132
111243;78
111532;183
112082;76
114943;44
115044;142
115679;112
117492;179
118257;189
118521;171
118847;203
119172;268
120925;103
121663;156
122012;144
122995;48
123256;126
123943;146
123992;165
124450;225
124911;222
125629;77
125766;9
126360;15
126977;116
128618;9
129738;55
129865;54
130445;191
130651;278
130807;178
132045;221
132046;79
132551;22
133804;278
133806;55
134791;215
135161;4
135623;156
138295;272
138514;263
139777;149
140901;76
141207;178
142275;171
142746;8
142907;212
144134;40
144196;222
144233;163
145029;93
147364;76
148487;55
149664;142
150429;282
150669;7
151676;220
151697;58
152065;134
152687;25
155916;215
157279;248
158389;25
159737;87
160714;128
164325;167
164740;246
165584;242
167283;141
167810;88
170291;133
171827;184
171926;15
172569;278
172620;31
173153;231
173574;120
174097;186
174159;144
174372;4
175157;216
175166;116
175647;163
176314;138
176727;116
184217;208
184335;254
185177;180
185357;9
186813;216
189480;161
189927;172
192282;80
193210;127
195803;98
196469;168
197268;172
197806;102
198191;138
198477;278
198909;180
198963;172
200269;265
202225;48
203338;16
203550;111
203779;191
204735;259
205370;130
206816;42
206959;223
207046;253
207383;141
207399;203
209414;162
209792;201
210611;230
212195;59
212492;182
215633;225
216549;22
216692;177
216700;184
216840;94
216975;228
218565;281
219639;158
219975;255
220538;87
222326;197
222329;82
222822;164
223742;34
223807;126
224304;201
224441;270
225112;23
227113;18
227256;25
227382;254
227692;18
229484;80
229503;277
230668;83
231417;230
232845;206
233221;268
233598;191
233705;104
233807;51
234368;258
235056;244
237659;94
240803;135
240950;213
241919;80
242428;161
242448;127
243406;15
244121;204
244294;211
244297;70
248350;62
248998;90
249601;223
250048;234
250060;142
250520;244
251967;177
252889;233
253295;243
253788;72
253825;263
254040;95
255261;116
255440;187
256099;282
256868;250
257651;233
257814;68
258023;273
258450;190
258618;275
258727;178
259553;172
259758;10
259766;98
260189;180
260561;16
261854;191
262225;183
262292;41
263032;108
263788;207
264718;143
265709;10
265718;180
266437;162
268516;33
269566;23
269633;21
271943;90
272947;98
273156;59
273452;72
273902;195
274525;52
274726;20
276439;162
281213;77
282542;68
287443;142
289682;268
289989;142
290850;133
291291;25
294157;15
294570;29
294777;15
294781;133
296733;62
299279;132
300567;40
303846;81
304869;80
304942;181
304946;80
307896;133
307902;278
308456;145
310148;62
310851;231
312106;97
312486;31
313595;9
315637;116
316222;192
316228;63
316310;61
316428;259
320383;186
323422;1
323917;108
324528;229
325869;54
325870;239
328544;163
328558;241
328636;102
328862;154
329034;280
333524;133
334308;93
334542;88
336020;24
337116;271
337245;25
338453;278
339204;213
341801;93
342288;59
342289;85
343669;14
344207;102
344633;61
345407;267
345414;179
345477;63
346484;38
346787;93
349828;181
351100;229
352745;192
353244;106
355685;31
357096;276
359859;9
359951;138
362028;206
363888;202
364302;197
364780;31
365357;156
365916;74
366420;234
367353;148
368267;181
371645;127
372105;8
374896;241
375046;272
377947;129
378615;52
386008;180
386815;133
387088;133
387569;20
388445;59
388647;277
388919;54
390607;20
394443;208
396432;109
396658;233
396659;137
397498;146
397553;275
397828;251
398418;230
404446;34
405807;218
406045;53
408773;14
409656;90
412016;223
413459;144
414993;34
415953;273
417323;25
421700;277
422704;28
424291;276
428996;27
429995;33
432597;143
433371;190
435439;186
435942;124
437545;59
437551;239
438488;38
441188;56
443049;282
444498;226
444799;188
445452;18
446883;20
447420;170
449154;229
450199;23
450729;75
450787;269
450898;123
451949;242
452404;9
453495;238
454998;126
455216;215
455321;256
455411;240
457716;179
460562;23
462851;154
462852;24
463855;270
472025;219
474456;90
476643;54
477514;77
480827;239
481128;48
481218;70
485176;174
486650;143
486688;188
486717;51
486798;15
486882;230
487028;242
488966;64
489061;32
492451;266
492604;18
492766;266
493283;130
493367;266
495606;280
496340;128
497804;145
497891;141
501025;227
504417;76
504630;25
504653;7
504682;251
505174;74
505380;29
508314;70
510373;172
514312;145
515366;178
519852;191
522490;215
522855;41
524814;23
524819;179
524914;133
526109;112
527905;152
528628;68
528648;172
531503;29
531648;10
531904;98
532736;18
534897;25
535510;165
535513;7
536141;262
536251;233
538968;87
541486;55
543204;246
549132;190
550158;23
551336;70
552072;36
552629;10
552645;130
553560;187
556886;168
558558;20
559368;31
561115;172
563365;239
563831;114
565807;186
566496;246
566594;67
566698;5
567233;15
567691;246
568433;104
568460;179
569826;169
570736;239
571225;172
572112;187
574876;33
575676;121
577870;4
578166;76
578504;212
578886;214
579434;281
579483;14
580001;40
580511;61
581654;222
582000;93
582057;16
582421;40
582448;244
582755;169
582899;241
583583;165
583588;101
587360;183
587855;212
587897;145
588568;36
589083;266
589337;269
591063;225
591676;76
591677;142
592203;227
592808;87
593927;278
594802;172
595005;32
595012;38
596072;212
596116;203
596225;80
596321;74
598306;225
598524;29
599881;70
600401;112
601037;9
601988;68
603128;212
604347;176
605090;212
607357;142
607899;15
608444;126
610417;226
610625;184
610898;70
614515;150
615017;186
615488;97
615554;280
615787;216
617112;129
617608;186
621703;180
623745;197
625290;176
626696;226
626952;7
627407;126
629286;268
629836;88
630087;32
630510;146
630595;128
630598;141
630814;203
631313;32
631647;231
635965;244
639697;187
639862;235
640374;267
641344;203
641573;66
645967;97
645969;128
647583;165
650722;186
651024;215
651894;152
652027;93
652739;270
652771;281
652937;102
653205;115
655842;172
656160;20
658602;137
658828;4
659111;244
659204;76
661304;156
663340;21
664774;203
665085;94
667282;79
667434;221
671808;40
672952;279
675557;109
675627;102
677207;31
677211;156
687119;121
687252;25
687601;279
687661;268
693990;79
693996;221
694002;227
694276;134
694575;76
695280;176
696035;136
698335;216
704122;195
704643;94
705263;203
707277;165
707406;186
707862;186
708993;223
710562;101
710779;23
710798;25
710983;179
711861;21
712358;79
712364;221
712404;130
712652;212
712841;105
713014;203
713336;7
715825;266
716215;126
716624;187
716710;126
718222;142
718370;76
718388;80
718981;165
719020;203
719150;133
720327;23
721916;18
722091;112
722787;70
722803;165
722962;93
723015;9
723264;79
723270;221
726394;116
727751;118
728134;146
728597;204
728615;142
728617;76
728854;248
728941;80
731581;112
732690;181
736918;105
737394;263
738282;40
738328;163
739717;190
740256;99
740847;116
741737;29
742570;156
743572;203
744250;156
745312;114
747532;130
748561;137
748672;179
748950;179
750049;23
750068;25
750961;31
751697;228
753639;192
753644;208
754072;149
760091;40
760257;23
764751;228
765861;187
765970;235
766047;74
773721;74
773790;202
780767;169
782114;126
782376;113
782633;66
782859;225
782887;268
784435;190
787793;105
789301;97
791495;92
796211;218
804989;44
805361;97
807575;128
807953;21
818917;231
819199;59
830463;232
830674;69
834976;20
834979;10
835791;105
835813;180
837433;83
838574;152
842627;87
859889;172
876370;106
885821;180
902089;179
924694;97
935313;14
941929;172
942081;20
943648;62
945085;97
945550;269
948795;40
953670;55
953672;212
953750;31
953766;133
953794;230
961013;87
961018;70
962051;49
962127;266
962191;70
962793;38
963403;178
965867;272
965868;156
965872;31
966048;9
966178;9
966980;62
967683;22
967856;107
968417;246
968476;112
969368;50
971428;178
971634;21
972333;152
972764;36
974458;223
975980;62
982897;95
984295;59
984296;54
985849;116
985979;56
986752;277
988015;20
990386;20
990892;64
996256;15
996580;275
996585;172
998032;80
998375;191
998414;222
998435;220
1000899;25
1000956;90
1001214;76
1001519;197
1001788;97
1001792;128
1003443;186
1004706;180
1014876;156
1015450;212
1015915;126
1032676;98
1034604;172
1038084;9
1038217;48
1038247;93
1038508;142
1038509;76
1039410;48
1039632;156
1039649;93
1039845;105
1040055;268
1040208;80
1040676;15
1041258;197
