462;1375
1286;2599
1300;2238
1665;212
2503;245
2580;517
2842;1618
4936;574
5226;1842
7331;672
7409;898
7412;1697
7917;1698
8921;279
8941;119
9542;174
10082;699
10770;11
11056;215
11936;971
12272;62
12304;321
12670;49
13078;1699
13123;199
13451;497
14326;137
15532;239
15625;228
15883;1701
16076;278
16977;1613
17016;55
17197;2799
17241;2887
18068;140
18077;42
18157;1217
18831;1041
19064;39
19165;3106
21002;1308
21428;1099
21489;249
22404;5999
22473;169
22474;159
23174;20
23448;236
23483;218
23699;706
23702;6770
24101;31
24204;1324
24842;790
25026;2699
25155;484
25429;1975
25631;213
26085;1999
26156;2513
26203;1079
26506;1150
26622;44
26687;699
26868;230
27888;1696
28265;10
28660;221
29945;253
30011;1399
30605;227
30979;1679
31158;2760
31777;121
32560;1559
34326;225
34794;39
35465;1992
35719;2770
36156;233
36170;200
36244;159
37775;29
38255;2099
38346;971
39275;243
39639;45
39689;574
39749;1842
39769;14
40238;200
40462;285
41236;78
41279;42
41499;1143
41931;231
42077;478
42269;148
42746;2400
43512;35
43563;149
43580;21
43585;54
43958;65
44119;490
44162;2849
45057;349
45279;1207
45377;981
46295;75
46440;56
47082;504
47126;25
47289;316
47476;141
48611;675
49239;72
49629;856
50301;47
50597;1319
50654;342
50979;229
51474;52
52206;547
52883;15
53262;35
54568;1179
55499;2071
55803;45
56018;322
56074;64
56509;1299
57822;199
57873;59
58849;78
58925;292
59581;699
60295;702
60652;2055
61033;1949
61042;2999
62264;75
62359;60
62658;81
63204;41
63242;159
63255;199
63867;535
64061;80
64804;7
65072;1329
65094;378
65171;221
65330;249
65796;49
66316;491
66717;190
66721;190
67079;18
67589;71
67651;162
67697;80
68331;1177
68695;799
68779;224
68781;197
68952;185
69374;2799
69411;47
69580;249
69807;940
70835;224
70843;520
71125;1728
71633;514
72009;8999
73036;78
73811;477
73820;330
74642;49
75197;51
75200;73
75374;997
75649;1399
75725;128
76163;699
76254;54
76696;1099
76855;524
76899;65
77798;269
77804;399
77809;549
78578;72
78721;155
78954;1749
80340;445
80867;29
81290;2233
83783;82
86372;8999
86543;17
87909;1999
88359;616
89075;8999
89148;373
89342;279
89753;1449
89755;969
91010;112
91179;135
91507;1299
91540;189
91739;24
94426;18
94465;199
94490;52
94629;54
95547;229
96024;15
96034;199
98124;71
98312;1799
98411;40
99115;53
99119;72
99588;1241
99594;57
99595;70
100167;141
100574;2599
100627;25
100715;647
101498;63
101520;46
101775;37
101866;64
102663;869
102983;343
103916;199
105355;27
105641;514
106553;267
106750;2650
107716;899
107990;1849
108111;1246
109864;10
109964;2849
110052;16
110084;34
110181;142
111036;699
111525;239
112082;231
113299;11
115520;949
115679;1085
116753;2999
117271;1218
117504;75
118257;167
118847;144
119172;303
121224;277
121663;219
123256;488
123463;640
124194;61
124286;170
124417;246
124450;284
125629;44
126360;331
126977;200
128004;59
128855;1988
129220;1249
129794;9
129865;30
130445;8
130651;17
132045;165
132046;141
132551;5
133804;18
134791;75
135161;13
135657;30
135965;39
137719;215
138400;532
138512;899
139777;1399
140901;365
140994;28
142075;205
144482;2213
145029;1804
145617;44
147364;299
148487;40
149664;527
150429;351
151669;160
151676;93
151697;649
152065;36
152074;69
153825;69
155553;55
157279;73
158039;224
158389;75
159634;31
159737;2327
160714;139
160722;19
161725;32
162173;61
163106;24
164325;192
164740;1569
165584;2699
165888;59
167175;47
167810;33
171827;138
171926;304
172620;261
173153;849
173402;82
173574;1998
175157;26
175403;10
175647;39
176314;1138
176335;1041
176727;241
177113;30
179927;1191
184217;12
184335;6887
185348;2799
186605;49
186813;28
187424;60
187467;63
188102;5090
188716;199
189480;20
189927;113
190699;99
191515;39
192282;70
193210;159
195803;54
196469;31
197268;124
197806;35
197878;149
197885;99
198191;1206
198477;17
198675;34
198909;42
198963;105
199200;42
200269;10
202225;2890
203338;475
203550;578
203712;86
203848;168
207102;59
207383;72
207399;155
208148;131
208427;408
209414;89
210191;158
212309;193
212492;249
212708;449
213800;23
214254;44
215363;241
215633;262
216549;6
216613;85
216692;99
218565;34
219671;8999
219975;39
220265;512
220538;2399
222329;1666
222822;878
224304;20
224441;69
225937;129
227256;75
227631;703
227692;1201
229484;59
229680;1182
230295;12
230668;135
233221;270
233705;152
234964;1296
235056;727
237659;127
239426;699
240803;356
241802;249
241919;59
242218;47
242428;34
242448;169
242831;8999
243062;4499
243406;373
247998;11
248350;49
249347;29
249601;1219
249768;141
250048;59
251919;2128
251967;62
252890;246
253737;28
253788;10
253793;172
253825;29
254040;26
255261;191
256099;243
257809;129
257812;394
257814;287
257950;273
258023;44
258450;125
259561;53
259565;45
259751;38
261291;88
261768;45
261854;13
262124;115
262225;281
262292;281
262621;5
263027;22
263127;256
264062;24
264593;1136
265709;34
267437;9
268516;24
269566;48
269633;168
271943;1502
272681;54
272810;52
273001;99
273452;10
273902;205
274281;194
274726;36
285523;1692
286658;32
289449;59
289682;254
289989;458
291293;50
294157;325
294777;381
294781;54
296733;43
297123;129
297887;34
297973;18
300567;213
301364;49
304942;62
305903;19
307896;39
307902;24
308466;700
310851;1179
311978;512
312106;99
312486;243
315637;215
316228;8
316337;20
322302;159
323422;1299
323917;9
325870;250
327856;32
328558;70
328616;17
328630;14
328636;37
329034;48
334274;1029
334308;1620
335726;1266
336020;20
338387;58
338453;20
339204;65
340226;144
341736;53
341801;1399
343623;20
343669;19
344633;26
345414;56
345477;11
345687;1037
348446;59
349946;82
350248;21
352728;13
352745;66
355685;239
359951;1344
361878;24
362028;14
363888;29
364185;44
364302;511
365357;249
366420;122
367353;103
367561;343
368267;53
371645;145
371706;199
372105;79
374896;58
375046;381
377067;20
377256;20
378615;96
380098;50
381148;58
382489;14
386060;903
387088;43
387569;34
388445;37
388647;999
388919;29
390607;42
394443;8
395695;119
396432;20
396658;273
396659;273
397498;147
397548;31
397828;1185
404446;15
405807;42
406045;199
406048;699
407498;30
408773;14
409463;262
412016;1497
412194;326
413459;24
414266;291
414993;19
417323;159
421700;969
422704;139
422917;36
424131;115
424291;59
424494;35
427092;1769
427643;29
429939;44
429995;19
430516;55
433371;111
435201;14
435439;335
435942;376
437545;45
437551;232
438773;2849
439398;267
441188;19
443049;255
444497;25
444799;89
445452;1298
445775;2689
446741;194
446883;44
447420;199
447605;112
449154;29
449631;200
450008;312
450729;8549
451949;2941
452404;1565
453299;3
453495;40
453888;19
454843;342
462851;19
465447;49
468522;269
475385;38
476643;37
478880;370
480827;195
481128;2811
481218;1899
482989;13
485176;89
485561;31
486882;21
488966;371
490311;495
492451;44
492604;1039
493283;28
493367;40
493983;3
495502;35
495606;36
496595;220
496635;187
497804;242
497891;62
498344;648
504598;147
505258;16
505380;1847
506808;238
507269;2703
510373;113
513637;41
514312;206
516992;248
519208;253
519852;13
521601;40
522490;71
522855;175
524288;1699
524814;53
527735;19
531027;153
531503;1954
532736;1085
535510;39
535513;37
535634;62
536141;7100
536982;43
541486;38
549132;123
550650;213
551336;1999
552629;43
553867;612
555331;53
556499;145
557675;36
557991;59
558558;33
561115;120
563365;236
563507;997
563831;1187
564602;328
565700;234
566496;1729
566594;721
566633;59
567691;1629
569154;349
569826;449
570654;32
571225;102
574876;24
575198;482
575333;43
575510;20
577870;13
578504;132
578886;20
579434;29
580001;215
580439;57
580511;32
581795;30
582057;363
582372;2890
582421;212
582448;690
582755;450
582899;75
584285;89
587855;142
587897;227
588547;17
588568;1539
589083;49
589337;18
591063;274
591677;500
592142;127
592203;186
592808;2084
593927;22
594282;41
594802;101
595005;27
596225;79
596321;16
596929;4939
598524;1899
598537;2849
599699;27
599869;9899
599881;2199
601051;2899
602111;65
603128;148
605272;129
607357;470
608444;521
609066;13
610417;59
610898;1685
613855;2099
615017;373
615554;48
616179;11
621703;39
622172;76
623745;488
625290;22
625970;482
626054;49
626884;207
626952;40
627407;496
628538;2035
629836;37
630087;27
630510;129
630544;47
631313;26
634127;56
635965;667
639681;40
639862;24
640210;604
640374;14
647583;37
650621;919
650722;305
651024;80
651894;5578
651901;2139
652027;1616
653217;52
655858;487
656160;37
658602;258
661304;202
663252;144
663340;173
667214;108
667282;168
667434;186
675557;19
675771;19
677058;46
677211;212
677871;29
683562;29
686688;115
687119;23
687252;80
687394;2
687661;220
688454;540
688608;552
688618;66
690103;43
690393;471
693996;185
694003;235
694276;37
694513;201
694575;368
695280;30
696035;13
701366;42
704643;97
704709;97
705263;133
707261;1891
707508;41
708146;955
708436;19
708993;1628
710562;27
710779;52
710798;67
711861;181
712358;160
712364;177
712652;136
712841;59
713014;128
713336;39
716215;484
716624;8
716710;500
717594;323
718143;55
718965;1818
718981;37
719020;128
720327;50
720351;67
721916;1236
722787;1818
722803;37
722962;1616
723015;1675
723264;160
725519;326
726394;192
727751;538
727917;68
728615;460
728617;318
728854;79
732594;458
732690;50
735684;480
737394;27
738282;208
738328;49
739310;1149
740256;35
740847;215
743572;145
744426;225
745312;1239
748233;275
748561;208
748672;71
749251;199
750049;51
750961;229
751697;239
752461;1252
753644;7
754758;220
760257;61
762626;149
764751;278
765970;31
773721;19
773790;31
780767;450
780829;651
782376;1356
782633;13
782929;34
783141;208
783171;220
783603;99
786880;169
787793;62
791495;12
796211;52
799491;17
804989;243
807575;138
807953;173
818917;1054
819199;34
830674;484
830675;876
834979;40
835791;63
835813;37
838574;5722
840771;252
843761;135
859889;109
869645;43
869659;146
870544;38
871401;38
885821;37
886689;63
902089;62
915820;37
934836;214
941929;95
942081;34
945085;179
948795;202
953670;37
953750;214
953753;201
953794;17
961002;2776
961013;2252
961018;1799
962051;3017
962127;38
962191;1789
964582;52
965872;255
966178;1395
966204;7999
966980;49
967683;9
967856;440
968417;1729
969550;9297
972764;1341
973109;709
974458;1650
975980;40
979459;62
980170;1639
982841;607
982897;25
984295;45
984296;34
986752;993
987378;349
988015;35
990386;42
990892;349
996342;11
996505;121
996580;114
996585;119
996945;2023
997888;461
998414;290
998435;156
999665;119
1000316;278
1000503;65
1000595;136
1000629;203
1000956;1334
1001792;130
1004710;109
1005721;238
1012631;404
1012632;762
1014876;227
1015450;242
1015455;285
1015915;526
1025446;81
1032676;53
1034604;96
1038084;1320
1038217;2575
1038247;1620
1038248;780
1038483;94
1038509;437
1039459;340
1039500;168
1039632;265
1039649;2165
1039845;94
1040055;363
1040208;94
1040521;296
1040676;447
1041258;615
