116;9
462;36
1286;48
1290;9
1300;87
1665;156
2503;182
2838;93
2842;9
4936;178
5226;70
6127;112
6272;223
6786;48
7409;38
8941;249
8967;191
9542;53
10082;118
10356;156
10452;116
10770;191
11056;145
11242;183
11350;120
11368;260
11753;9
11936;112
12301;112
12304;186
12670;179
12680;55
14130;212
14249;176
14326;184
15014;146
15063;266
15532;145
15883;93
16076;222
16193;76
16870;165
16973;186
16977;246
17016;218
17198;260
18068;203
18157;260
18831;18
19058;32
19064;81
19165;242
20893;32
21414;31
21428;112
22404;152
22474;128
23174;232
23448;31
23483;156
23699;19
23702;254
24204;36
24279;260
24283;149
25026;242
25155;69
25227;191
25631;156
26085;120
26156;242
26506;18
26687;19
26868;40
26900;93
27442;246
27888;246
28660;156
30011;260
30605;31
31158;48
31777;249
31988;31
34170;87
34326;28
34794;133
35719;48
36156;272
36170;116
36244;184
37565;249
38255;247
38346;251
38350;111
39504;186
39639;218
39749;70
39769;72
40238;53
40462;282
41236;25
41279;263
41499;112
42269;212
42746;87
43512;101
43580;56
43958;160
44037;29
44862;20
45057;16
45981;83
46295;105
46440;179
46860;48
47476;127
48611;244
48982;232
49239;179
49946;212
50040;64
50179;227
50603;206
50950;186
52223;179
52805;161
52883;269
54249;249
54568;200
55230;33
55803;266
55833;212
56020;227
56074;5
56509;260
56897;112
57035;228
58620;197
60255;123
60295;19
60652;250
61033;93
61042;48
61043;9
61667;93
62264;162
63242;127
63255;158
64248;25
64721;105
65072;93
65094;186
65520;40
65766;105
66316;126
66721;137
67079;61
67697;213
67846;133
68331;223
68478;93
68697;93
68779;31
69374;242
69411;241
70443;9
70480;48
70835;84
71633;178
71875;220
72009;75
72731;93
72742;48
72884;33
73036;105
73811;142
73820;76
74642;266
74972;29
75374;112
75524;200
75722;228
76254;270
76899;179
76945;33
77789;19
77804;60
77858;124
78578;248
78954;93
80195;260
83783;245
85391;242
86372;75
86543;187
87079;179
87909;70
88359;67
89075;75
89148;16
89342;145
89753;93
89755;38
94426;121
94428;212
94465;40
94490;179
95123;186
95547;53
95643;121
96034;53
97641;117
98124;141
98312;9
98411;20
98690;14
99115;129
99588;114
99594;23
100129;48
100167;212
100991;31
101499;190
101775;20
102983;64
106457;127
106553;222
106750;48
107716;38
108111;90
109481;95
109864;187
109964;48
110084;95
110181;146
110250;42
110949;267
111036;132
111243;78
111525;227
112082;76
114826;268
115044;142
115520;200
115650;246
115679;112
116550;64
117492;179
117504;213
118521;171
119172;268
121224;76
122995;48
123256;126
123303;40
123463;244
123992;165
124417;272
124450;225
125629;77
125766;9
126360;15
126977;116
128004;129
128618;9
128855;29
129001;76
129220;1
129738;55
129794;187
129865;54
130445;191
130807;178
130831;145
132045;221
132551;22
133804;278
133806;55
135623;156
135657;2
135965;80
137719;40
138400;126
138512;38
138514;263
139777;149
140901;76
142075;116
142746;8
142907;212
144134;40
144196;222
144233;163
144290;80
144482;49
145409;114
145617;133
147193;142
148487;55
150429;282
150669;7
150695;112
151669;205
151676;220
152687;25
153825;248
155553;105
157279;248
158389;25
158658;179
159737;87
161725;163
163106;216
163304;256
164325;167
164740;246
165809;213
167175;80
167283;141
167303;201
167810;88
168995;247
169073;176
171827;184
172569;278
172620;31
173402;248
174372;4
175157;216
175166;116
175577;203
175647;163
176314;138
176727;116
176766;55
177113;269
184217;208
185177;180
185348;48
185357;9
186605;280
186813;216
187424;148
187456;2
188102;152
188716;116
189480;161
189481;280
189927;172
190699;177
191014;123
191515;20
192282;80
196469;168
198191;138
198675;229
198909;180
199200;39
200269;265
201384;282
202225;48
203779;191
203848;212
207364;220
207383;141
208019;245
208148;94
208427;16
208463;68
209414;162
209792;201
210191;189
210960;197
212154;125
212195;59
212309;233
212349;93
213800;130
215363;268
215633;225
216613;204
216840;94
217883;142
218565;281
219671;75
220265;126
220932;146
223807;126
224304;201
224441;270
225112;23
227256;25
227631;244
229484;80
229503;277
229680;114
230295;199
232809;12
233207;84
233807;51
236378;130
237659;94
240803;135
242070;225
242448;127
242831;75
243062;152
244294;211
247998;206
248359;21
248998;90
249347;7
249601;223
249768;79
250060;142
250281;56
252889;233
252890;137
253737;130
253793;41
255261;116
255440;187
256099;282
256868;250
257651;233
257809;175
257812;124
257814;68
258450;190
258618;275
259553;172
259758;10
259766;98
260189;180
260561;16
260564;203
261291;248
261854;191
262224;227
262292;41
263027;119
264593;138
264718;143
265709;10
265718;180
265805;222
269656;172
271943;90
272810;123
272947;98
273001;172
273156;59
273452;72
274281;239
280138;49
281213;77
282542;68
289682;268
289989;142
290850;133
291291;25
294157;15
294570;29
296733;62
297123;83
297973;125
299279;132
300567;40
301364;62
304231;142
304942;181
304946;80
305903;232
306401;12
307902;278
310148;62
310851;231
310961;97
311978;142
312433;156
312486;31
313595;9
316222;192
316228;63
316337;214
320383;186
321265;161
322893;36
323422;1
323917;108
324528;229
325870;239
327856;20
328544;163
328616;61
328630;214
328636;102
328862;154
329034;280
333524;133
334274;38
335726;114
336020;24
337632;55
338387;80
338453;278
338970;76
339204;213
340740;115
341736;39
341801;93
342283;195
342289;85
343623;96
343669;14
344207;102
344633;61
345255;214
345474;208
345477;63
345687;112
346484;38
346828;176
348446;266
349828;181
349946;234
350248;81
351100;229
352728;257
353244;106
357096;276
359859;9
359951;138
361878;203
363888;202
364185;180
365357;156
365525;86
365916;74
366420;234
367353;148
368267;181
371645;127
372105;8
374896;241
377256;56
377947;129
378615;52
378777;167
380098;62
380196;179
381148;10
382489;214
387088;133
387569;20
388445;59
390331;248
395695;83
396432;109
396658;233
397553;275
397828;251
405807;218
406045;53
409463;110
409656;90
412016;223
413459;144
417323;25
421199;112
422704;28
423587;18
424131;172
424494;150
425426;187
426072;145
427092;120
427643;2
428996;27
429476;84
429995;33
435439;186
437545;59
437551;239
438486;93
438488;38
439398;110
443049;282
444497;279
445452;18
445775;242
446741;40
446883;20
447605;83
449574;116
449685;247
450008;15
450199;23
450729;75
450787;269
450898;123
451949;242
452404;9
453299;194
453495;238
453888;253
455321;256
455411;240
456516;5
457716;179
459331;9
462851;154
463855;270
463991;9
465447;55
468522;166
472025;219
474456;90
477514;77
478880;50
480764;25
480827;239
481218;70
482343;212
482989;219
485176;174
486650;143
486688;188
486717;51
486798;15
486882;230
487028;242
488966;64
489061;32
492451;266
492766;266
493283;130
493367;266
495502;20
496595;21
496635;97
497891;141
498344;67
501025;227
501518;186
504417;76
504630;25
504653;7
505174;74
505380;29
507276;93
508486;9
513637;235
519208;31
522855;41
522893;165
524814;23
524914;133
526109;112
528462;94
528628;68
528648;172
528714;197
531027;184
531503;29
531732;190
531904;98
534897;25
535510;165
535634;80
536169;242
536251;233
536982;266
538968;87
539208;242
539542;48
541486;55
546848;179
550650;31
551336;70
552072;36
552280;53
552629;10
552645;130
553560;187
553867;244
555331;57
556886;168
557675;180
557682;59
557991;98
559368;31
561115;172
563507;112
563831;114
564088;16
564602;64
565700;116
565807;186
566496;246
566633;204
567233;15
567691;246
568460;179
569154;64
569826;169
570654;54
570736;239
571225;172
574876;33
575198;197
575510;121
575676;121
577468;225
577870;4
578166;76
578504;212
578886;214
581795;163
582057;16
582421;40
582448;244
583588;101
587360;183
588547;269
589083;266
589337;269
591063;225
591677;142
592142;203
592203;227
594802;172
595012;38
596321;74
596519;156
596929;152
598306;225
598524;29
598537;48
599881;70
600401;112
601051;48
601988;68
602111;105
604347;176
605090;212
605272;94
607899;15
608444;126
609066;191
610625;184
610898;70
615488;97
615787;216
616179;208
616912;112
617112;129
617608;186
621305;59
621703;180
621864;256
622172;80
622815;53
623745;197
625290;176
625970;197
626054;62
629286;268
630051;44
630087;32
630598;141
631647;231
633946;40
634127;204
639697;187
640210;111
640374;267
641573;66
645969;128
647568;70
650722;186
652027;93
652531;201
652771;281
652937;102
655858;142
658828;4
659111;244
661269;263
664774;203
667434;221
672952;279
675627;102
677211;156
686688;83
687119;121
687252;25
687394;22
687595;226
687661;268
688454;197
688532;14
688608;126
688618;179
690103;133
690391;76
690617;94
693996;221
694002;227
694575;76
695280;176
698335;216
699347;156
701366;256
703466;239
704643;94
704709;94
705263;203
707261;70
708146;112
708993;223
710283;104
710562;101
710798;25
710983;179
711861;21
712358;79
712364;221
712652;212
713463;68
714994;9
716710;126
716878;133
718143;204
718222;142
718965;70
719020;203
720327;23
722091;112
722707;186
722803;165
722962;93
723264;79
725519;64
726394;116
726613;40
727751;118
728615;142
728617;76
728854;248
728941;80
731581;112
732690;181
735684;126
735736;223
737394;263
738328;163
739310;223
740256;99
741154;239
741737;29
743046;179
743309;130
743572;203
744423;233
744426;137
745312;114
748234;233
748561;137
748672;179
748950;179
750068;25
752461;18
753926;268
754493;228
755540;55
757839;77
760091;40
760257;23
765861;187
765970;235
766047;74
766401;218
773721;74
773790;202
779832;62
782114;126
782402;228
782633;66
782859;225
782887;268
782929;99
783141;104
783171;44
786880;21
789384;56
791495;92
791550;270
791552;224
796211;218
804989;44
805465;104
807575;128
807953;21
823668;208
830674;69
830675;164
834976;20
835791;105
835813;180
838574;152
840771;110
859889;172
869659;212
870544;10
871401;20
871404;123
876370;106
885821;180
886689;213
902089;179
934836;68
935313;14
941929;172
943648;62
948795;40
953670;55
953672;212
953750;31
953763;179
953794;230
961325;242
961379;262
962191;70
963403;178
965867;272
965872;31
966027;48
966050;93
966178;9
966204;75
966980;62
966990;56
967683;22
967731;254
969368;50
969503;262
969550;75
969571;242
971428;178
972764;36
974458;223
975980;62
979459;105
980170;93
980927;142
982841;118
982897;95
983363;243
984295;59
984296;54
985849;116
985979;56
986752;277
987920;112
988015;20
990386;20
996256;15
996342;187
996505;146
996580;275
996585;172
996945;211
997886;124
998375;191
998414;222
998435;220
999665;275
1000503;213
1000629;239
1000899;25
1001214;76
1001788;97
1001824;253
1012631;69
1015915;126
1016112;225
1025446;248
1032329;123
1034604;172
1038508;142
1038509;76
1038603;29
1039410;48
1039459;225
1039500;203
1039632;156
1039845;105
1040055;268
1040520;137
