462;36
1300;87
2495;116
2503;182
2580;178
2838;93
2842;9
4376;9
4936;178
5226;70
6272;223
6786;48
7917;9
8745;211
8921;186
8941;249
8967;191
9542;53
10082;118
10356;156
10452;116
10770;191
10930;170
10931;21
11056;145
11350;120
11368;260
11753;9
12301;112
12304;186
12594;120
12662;25
13078;9
13451;107
14130;212
14249;176
15014;146
15883;93
16076;222
16193;76
16870;165
16873;63
16973;186
16977;246
17016;218
17197;242
17241;48
17852;116
17909;269
18068;203
18831;18
19064;81
19165;242
20893;32
20938;186
21414;31
21428;112
21489;183
22404;152
22473;97
22474;128
23448;31
23699;19
23702;254
24204;36
24842;38
24878;117
25026;242
25227;191
25429;211
25629;31
25631;156
26085;120
26506;18
26687;19
26900;93
27442;246
28265;191
29945;183
30011;260
30605;31
30979;246
31777;249
31988;31
32560;93
34170;87
34326;28
35465;29
36244;184
37565;249
37775;95
38255;247
38346;251
39275;31
39504;186
39639;218
39689;178
39749;70
40238;53
41499;112
41931;40
42081;76
42269;212
42746;87
43451;244
43563;128
44037;29
44119;178
44162;48
45279;18
45377;251
46295;105
46582;137
47082;178
47289;15
47476;127
48490;118
50179;227
50603;206
50979;183
52206;67
52223;179
52805;161
52883;269
53070;198
53262;51
53306;211
53358;15
53930;260
53986;19
54249;249
55230;33
55833;212
56020;227
56027;72
56074;5
56897;112
57035;228
57873;80
58620;197
58925;117
59581;178
60652;250
61033;93
61042;48
63204;20
63242;127
63867;197
64061;215
64804;144
65072;93
65094;186
65171;40
65330;182
65520;40
65706;200
65766;105
65796;235
66316;126
66717;233
66721;137
67079;61
67589;23
67697;213
67846;133
68695;38
68697;93
68952;227
69374;242
69580;182
70443;9
70539;24
70843;142
71125;9
71633;178
71875;220
72009;75
72731;93
72742;48
72884;33
73036;105
73820;76
74642;266
74808;4
74972;29
75524;200
75531;117
75722;228
76254;270
76696;112
76855;126
76899;179
77789;19
77798;117
77809;78
78297;178
78798;40
80195;260
80340;107
81290;87
82989;171
85391;242
86372;75
86543;187
87909;70
89075;75
89342;145
89755;38
91179;128
91739;109
94426;121
94465;40
94924;98
95561;226
95643;121
96034;53
97641;117
98016;23
98124;141
98312;9
98411;20
98434;172
98690;14
99115;129
99323;220
99913;34
100129;48
100167;212
100627;95
100991;31
101039;224
101498;10
101520;180
101775;20
102090;1
102983;64
103058;8
105355;51
106750;48
106892;186
106904;112
110052;4
110181;146
111036;132
111525;227
112082;76
113813;235
114826;268
115520;200
115650;246
115679;112
116550;64
116753;42
117271;155
117492;179
118257;189
118521;171
118847;203
119172;268
120925;103
121663;156
122012;144
122995;48
123303;40
123463;244
124194;213
124286;97
124450;225
124911;222
125622;179
126360;15
128004;129
128855;29
129220;1
129738;55
129794;187
130831;145
131509;212
132045;221
132974;246
134791;215
135161;4
135623;156
135657;2
135965;80
138514;263
139777;149
140901;76
142907;212
144196;222
144482;49
144487;9
145617;133
147136;117
147193;142
147364;76
150429;282
150669;7
151669;205
151697;58
152687;25
155553;105
155916;215
156039;179
157279;248
158658;179
159634;100
159737;87
162173;105
164325;167
165584;242
165888;80
167175;80
167283;141
167303;201
169073;176
170291;133
171827;184
171926;15
172569;278
172620;31
173153;231
173574;120
174372;4
175157;216
175403;187
175577;203
175647;163
176314;138
176335;274
176727;116
176766;55
179927;36
182202;216
184217;208
184550;171
185348;48
186605;280
186813;216
187424;148
187467;234
188102;152
188716;116
189480;161
189481;280
189927;172
190699;177
193210;127
194658;4
195803;98
196469;168
197268;172
197885;205
198477;278
198675;229
198909;180
199200;39
200269;265
201384;282
202225;48
203338;16
203712;248
203848;212
206816;42
206959;223
207102;80
208019;245
208148;94
208463;68
208968;18
209414;162
209792;201
210191;189
212349;93
215363;268
216549;22
216613;204
216692;177
216840;94
216975;228
218565;281
219639;158
219671;75
219975;255
220265;126
220538;87
222326;197
222822;164
223054;278
223742;34
223807;126
224441;270
227113;18
227692;18
229484;80
229503;277
229680;114
231417;230
232809;12
232845;206
233221;268
233598;191
233705;104
233807;51
234368;258
236378;130
240950;213
241802;261
241919;80
242218;258
242428;161
244294;211
244982;266
247637;181
247998;206
248359;21
248998;90
249347;7
249601;223
249768;79
250048;234
250281;56
250520;244
251919;250
251967;177
252889;233
253295;243
253737;130
253825;263
254040;95
255440;187
256099;282
256868;250
257809;175
257814;68
257950;137
258023;273
258727;178
259553;172
259561;57
259565;20
260189;180
260561;16
260564;203
261768;77
262124;172
262224;227
262292;41
263032;108
263127;222
264062;33
264718;143
265709;10
265805;222
266437;162
268516;33
269041;157
269566;23
269633;21
272810;123
272947;98
273001;172
273452;72
273902;195
274525;52
274726;20
276439;162
281213;77
281325;181
283643;170
285523;223
286658;263
289449;129
290850;133
291291;25
294157;15
294777;15
294781;133
296733;62
297123;83
297973;125
299279;132
300567;40
301364;62
304231;142
304942;181
304946;80
305903;232
307896;133
307902;278
308466;178
310148;62
312106;97
312433;156
314131;244
315637;116
316228;63
316310;61
316337;214
316428;259
319154;127
324528;229
325869;54
325870;239
327856;20
328544;163
328616;61
328630;214
328636;102
328862;154
329034;280
333524;133
334274;38
334542;88
335726;114
336020;24
337116;271
337245;25
338039;133
338387;80
338970;76
339204;213
340226;213
340740;115
341736;39
342288;59
343669;14
344207;102
345255;214
345414;179
345474;208
345687;112
345942;150
346484;38
346787;93
348446;266
349828;181
350248;81
352728;257
352745;192
353113;276
357096;276
359859;9
359951;138
361878;203
363888;202
364185;180
365357;156
366420;234
367561;15
371645;127
371706;156
372105;8
374896;241
375046;272
377256;56
377947;129
378615;52
380098;62
386008;180
386060;67
387088;133
388445;59
388647;277
388919;54
390607;20
395611;168
395695;83
396432;109
397498;146
397548;54
397828;251
404446;34
405807;218
406048;118
408773;14
413459;144
414266;243
415953;273
421700;277
422917;165
423587;18
424494;150
425426;187
426072;145
427092;120
427643;2
428996;27
429476;84
430516;181
432597;143
433371;190
434193;126
434912;56
434959;272
435439;186
435942;124
437545;59
438488;38
441188;56
443049;282
444046;231
444497;279
444799;188
445452;18
446741;40
446883;20
447420;170
449574;116
449631;272
449685;247
450008;15
450199;23
450729;75
450787;269
451949;242
451953;117
453299;194
453495;238
453888;253
454843;16
459331;9
463991;9
465447;55
474456;90
475385;55
476643;54
477514;77
478880;50
480764;25
480827;239
481218;70
486650;143
486688;188
486717;51
486798;15
487028;242
488966;64
489061;32
490311;178
492766;266
493367;266
493983;22
495502;20
495606;280
496635;97
497891;141
498344;67
498888;178
501025;227
504417;76
504630;25
505258;232
507269;48
508486;9
513637;235
519208;31
519852;191
521601;180
522490;215
522855;41
524672;137
524814;23
524819;179
524914;133
526109;112
527735;32
528628;68
528648;172
528714;197
531503;29
531904;98
532736;18
535634;80
536169;242
538968;87
539542;48
543204;246
550158;23
550650;31
551336;70
552072;36
552645;130
553867;244
555331;57
556499;203
557675;180
557991;98
558558;20
559065;156
561115;172
563365;239
563507;112
563831;114
564088;16
564602;64
565700;116
566594;67
566698;5
567233;15
568433;104
568460;179
569826;169
570654;54
570736;239
571225;172
572112;187
574876;33
575198;197
575676;121
577468;225
577870;4
578166;76
579434;281
579462;270
579483;14
580321;63
580439;179
580511;61
581654;222
581795;163
582057;16
582755;169
582899;241
583583;165
583588;101
587360;183
587855;212
588547;269
592142;203
592203;227
592813;70
593927;278
594282;133
594802;172
595005;32
596116;203
596225;80
596321;74
596519;156
596929;152
599699;263
599881;70
600401;112
601025;93
601037;9
601988;68
602111;105
603128;212
605090;212
605272;94
607357;142
607899;15
609066;191
609301;251
610417;226
610625;184
614515;150
615017;186
615488;97
615554;280
616912;112
617112;129
617608;186
621305;59
621864;256
623745;197
625290;176
626696;226
626710;126
626952;7
627407;126
629314;225
630051;44
630087;32
630510;146
630598;141
630814;203
631313;32
634127;204
639862;235
641344;203
641573;66
645967;97
645969;128
647568;70
647583;165
649822;64
650722;186
651901;211
652739;270
652771;281
656160;20
658602;137
661269;263
661302;31
661304;156
663340;21
667434;221
671808;40
675627;102
677871;279
681430;186
683562;130
686688;83
687394;22
687601;279
688532;14
688618;179
690103;133
690617;94
693990;79
694002;227
694276;134
694513;116
694575;76
699347;156
700769;186
701366;256
703466;239
704643;94
704709;94
705263;203
707261;70
707277;165
707406;186
707508;133
707862;186
708436;253
710562;101
710779;23
710798;25
710983;179
711861;21
712364;221
712404;130
712570;22
713014;203
713463;68
713528;22
716215;126
716624;187
718370;76
718556;48
719125;40
720327;23
721916;18
722091;112
722787;70
722803;165
723264;79
723270;221
725519;64
726613;40
727917;80
728134;146
728597;204
728615;142
728617;76
731581;112
735684;126
736918;105
737394;263
738282;40
738328;163
739717;190
740256;99
740265;268
741154;239
742570;156
743309;130
743572;203
744423;233
745312;114
747532;130
748230;225
748233;268
748561;137
748672;179
750068;25
751697;228
752361;133
753639;192
753911;99
753926;268
755540;55
757839;77
760257;23
763245;50
764751;228
765861;187
765970;235
766047;74
766401;218
782376;113
782402;228
782633;66
782859;225
783603;188
784435;190
786880;21
787793;105
789301;97
791495;92
791550;270
791552;224
799491;196
804975;67
805465;104
807953;21
830463;232
834976;20
835791;105
835813;180
837433;83
838574;152
840771;110
842627;87
843761;127
869645;266
869659;212
870544;10
882088;222
885821;180
886689;213
902089;179
915820;216
924694;97
934836;68
935313;14
942081;20
943648;62
945085;97
948795;40
953670;55
953672;212
953750;31
953753;156
953763;179
953766;133
953794;230
961002;48
961379;262
962051;49
966027;48
966048;9
966050;93
966178;9
966204;75
967683;22
967856;107
967889;78
968417;246
968476;112
969368;50
969503;262
969550;75
969571;242
971634;21
972333;152
972764;36
982841;118
982897;95
983363;243
985979;56
986752;277
987920;112
988015;20
990386;20
990892;64
996256;15
996342;187
996580;275
996945;211
997886;124
997888;259
998032;80
998126;179
998414;222
999665;275
1000629;239
1001214;76
1001788;97
1001792;128
1001824;253
1004706;180
1004710;190
1005721;31
1012632;164
1015450;212
1015455;282
1038084;9
1038247;93
1038248;38
1038509;76
1039649;93
1039845;105
1040055;268
1040208;80
1040676;15
