462;36
1286;48
1290;9
1300;87
1665;156
2580;178
2838;93
4376;9
4936;178
5226;70
6272;223
7331;67
7409;38
8745;211
8921;186
8967;191
10082;118
10741;178
10770;191
10930;170
11242;183
11605;87
11753;9
12272;204
12301;112
12304;186
12594;120
12662;25
12680;55
13078;9
15532;145
15625;236
15883;93
16076;222
16193;76
16870;165
16973;186
16977;246
17197;242
17241;48
17358;242
18831;18
19064;81
20701;212
20938;186
21002;36
21414;31
21428;112
21489;183
21897;179
22473;97
22474;128
23448;31
23483;156
23702;254
24101;130
24283;149
24878;117
25155;69
25227;191
25629;31
26156;242
26203;112
26687;19
26868;40
26900;93
28265;191
28660;156
30011;260
30979;246
31777;249
32560;93
34170;87
34326;28
34794;133
35465;29
35719;48
36244;184
37565;249
37775;95
38350;111
38384;18
38767;48
39275;31
39504;186
39639;218
39689;178
39749;70
40462;282
41236;25
41279;263
41499;112
41669;8
41931;40
42077;142
42081;76
43580;56
43585;62
43958;160
44119;178
44162;48
44862;20
45057;16
45279;18
45377;251
45981;83
46582;137
46860;48
47082;178
47126;168
47476;127
48490;118
48611;244
49239;179
49946;212
50040;64
50301;80
50597;36
50603;206
50979;183
52223;179
52805;161
53070;198
53262;51
53306;211
53358;15
53930;260
54249;249
54568;200
54750;53
55230;33
55499;120
56027;72
56897;112
57035;228
57822;53
58620;197
58925;117
59581;178
60652;250
61033;93
61042;48
62264;162
62658;80
63204;20
63242;127
63867;197
64061;215
64248;25
64721;105
64804;144
65072;93
65094;186
65766;105
65796;235
66717;233
66847;36
67079;61
67610;25
67651;203
67695;181
67697;213
67846;133
68478;93
68695;38
68779;31
69580;182
69807;112
70443;9
70480;48
70843;142
71125;9
71875;220
72742;48
73811;142
73820;76
74808;4
74972;29
75200;204
75531;117
75725;94
76163;19
76685;246
76696;112
76855;126
76945;33
77789;19
77798;117
77858;124
78578;248
78721;184
78798;40
80340;107
80867;95
81290;87
82989;171
85391;242
86372;75
86543;187
87079;179
87909;70
88359;67
89075;75
89148;16
89342;145
91010;94
91032;31
91179;128
91507;260
91739;109
94428;212
94465;40
94490;179
94924;98
95123;186
95561;226
96034;53
98312;9
98411;20
98434;172
99115;129
99119;62
99323;220
99588;114
99594;23
99913;34
100167;212
100574;242
100990;156
100991;31
101039;224
101498;10
101520;180
101775;20
102663;38
103916;53
105355;51
106553;222
106750;48
106892;186
107716;38
108111;90
109964;48
110052;4
110084;95
110181;146
110250;42
111244;60
111525;227
112082;76
113813;235
114943;44
115044;142
115650;246
116550;64
116753;42
117492;179
118257;189
118521;171
120742;21
120925;103
122012;144
122995;48
123256;126
123992;165
124194;213
124417;272
124911;222
125629;77
126977;116
128004;129
130445;191
130831;145
132045;221
132551;22
132974;246
135161;4
138295;272
138400;126
140901;76
141207;178
142075;116
142275;171
142746;8
144134;40
144196;222
144290;80
144487;9
145029;93
145409;114
145617;133
147136;117
147193;142
147364;76
149664;142
151669;205
152065;134
152074;23
153825;248
155553;105
158039;40
159737;87
162173;105
163106;216
163304;256
165584;242
167175;80
167283;141
168995;247
172569;278
172620;31
173574;120
174097;186
174159;144
175577;203
175647;163
176766;55
177113;269
179927;36
184217;208
184550;171
185177;180
186605;280
186813;216
187424;148
187467;234
188102;152
188716;116
189480;161
189481;280
189927;172
190699;177
192282;80
193210;127
196469;168
197268;172
197878;184
197885;205
198114;98
198477;278
198675;229
198909;180
198963;172
199200;39
201384;282
203338;16
203550;111
203779;191
204735;259
205370;130
206816;42
207102;80
207364;220
207399;203
208019;245
208463;68
209792;201
210191;189
210960;197
212195;59
212309;233
212349;93
212708;107
213800;130
214254;77
215363;268
216549;22
216613;204
216692;177
219639;158
219671;75
222326;197
222329;82
223742;34
224304;201
224441;270
226811;253
227113;18
227256;25
227382;254
227692;18
229484;80
229503;277
231417;230
232845;206
233207;84
233221;268
233705;104
233807;51
235191;54
236378;130
237009;77
240950;213
241802;261
242218;258
242428;161
242448;127
243062;152
244121;204
244297;70
244982;266
247637;181
247998;206
248350;62
248998;90
249347;7
249601;223
249768;79
250048;234
250060;142
250281;56
252889;233
252890;137
253788;72
253793;41
253825;263
255440;187
257651;233
257809;175
258618;275
259561;57
260189;180
260561;16
260564;203
261768;77
261854;191
262292;41
262621;22
263027;119
263032;108
263127;222
263788;207
264593;138
264718;143
265709;10
265718;180
267437;187
269041;157
269566;23
269633;21
269656;172
271943;90
272810;123
273452;72
273902;195
274281;239
274525;52
276439;162
280138;49
281325;181
283643;170
286658;263
289682;268
289989;142
290529;240
290850;133
291291;25
294570;29
294781;133
296733;62
297123;83
297714;18
303846;81
304231;142
304942;181
306401;12
307896;133
308456;145
308466;178
312106;97
313595;9
314131;244
316228;63
316310;61
316337;214
316428;259
321265;161
323917;108
324528;229
325870;239
328544;163
328558;241
328630;214
328862;154
333524;133
334274;38
336020;24
337245;25
338039;133
339204;213
340226;213
340740;115
341736;39
341801;93
342283;195
342289;85
343623;96
343669;14
344636;281
345407;267
345414;179
345474;208
345687;112
346484;38
346828;176
349828;181
349946;234
350248;81
352728;257
352745;192
353113;276
353244;106
356330;136
359951;138
361878;203
362028;206
364185;180
364780;31
365916;74
366420;234
367353;148
367561;15
368267;181
371645;127
371706;156
372105;8
375046;272
377256;56
377947;129
378615;52
378777;167
380098;62
382489;214
386815;133
387088;133
387569;20
388445;59
388919;54
390331;248
394443;208
395695;83
396658;233
397548;54
397553;275
397828;251
406045;53
406048;118
407498;185
408773;14
409463;110
412194;110
413610;132
414266;243
415953;273
417323;25
423587;18
424131;172
424291;276
424494;150
426072;145
428996;27
429338;167
429476;84
429939;133
429995;33
430516;181
432597;143
433371;190
434959;272
435201;14
435439;186
435942;124
439398;110
441188;56
443049;282
444046;231
444497;279
444799;188
445305;278
445452;18
447420;170
447605;83
449631;272
450008;15
450729;75
450787;269
450898;123
451949;242
452404;9
453495;238
453888;253
454843;16
454998;126
455216;215
455321;256
455411;240
457716;179
462851;154
462852;24
465447;55
475385;55
476643;54
477514;77
478880;50
480764;25
480827;239
481218;70
482343;212
482348;121
482896;266
485176;174
485187;103
485561;121
486650;143
486798;15
488966;64
490311;178
492604;18
492766;266
493283;130
495502;20
495606;280
496595;21
496635;97
497804;145
497891;141
498344;67
498888;178
504598;104
504653;7
504682;251
505174;74
506808;44
507276;93
508486;9
510373;172
515366;178
519208;31
522855;41
522893;165
524672;137
524819;179
524914;133
526109;112
527735;32
527905;152
528462;94
528628;68
528648;172
531027;184
531145;75
531503;29
531648;10
531732;190
534897;25
535634;80
536141;262
536169;242
536251;233
536982;266
538968;87
539208;242
539542;48
546848;179
549132;190
550158;23
551336;70
552072;36
552645;130
553560;187
555331;57
556499;203
556886;168
557675;180
557682;59
557864;18
558558;20
559065;156
559368;31
561771;128
563507;112
563831;114
564602;64
565807;186
566594;67
566698;5
567233;15
567691;246
567990;133
568460;179
569154;64
570736;239
571225;172
574876;33
575333;266
577870;4
578166;76
579434;281
579462;270
580321;63
581795;163
582000;93
582057;16
582372;48
582421;40
583588;101
584285;174
587360;183
587855;212
587897;145
588568;36
589337;269
591063;225
591676;76
591677;142
592808;87
594802;172
596072;212
596225;80
596321;74
596519;156
598306;225
598537;48
599699;263
599881;70
600401;112
601037;9
601988;68
603128;212
604347;176
605090;212
605272;94
607357;142
607899;15
608444;126
609066;191
609301;251
610625;184
610898;70
613855;247
614515;150
615488;97
615554;280
615787;216
616179;208
617112;129
617608;186
621305;59
622172;80
625290;176
625970;197
626696;226
626710;126
626952;7
627407;126
629286;268
629314;225
630087;32
630510;146
630544;102
630595;128
631647;231
633946;40
634127;204
635965;244
639681;55
639697;187
639862;235
640210;111
640374;267
641573;66
645967;97
650621;112
650722;186
652531;201
652937;102
653205;115
655842;172
655858;142
656160;20
658602;137
658828;4
661269;263
661302;31
661304;156
663252;97
663340;21
665085;94
667282;79
667434;221
675627;102
677871;279
677877;226
681430;186
686688;83
687252;25
687394;22
687595;226
687601;279
687661;268
690393;142
690617;94
693996;221
694513;116
694575;76
695280;176
699347;156
700769;186
701366;256
703466;239
704122;195
704709;94
707261;70
707277;165
707406;186
707862;186
708146;112
708436;253
710283;104
710562;101
710983;179
711861;21
712358;79
712364;221
712404;130
712652;212
712841;105
713014;203
713336;7
713528;22
714994;9
715825;266
716215;126
716710;126
718222;142
718556;48
718981;165
719020;203
719125;40
720351;25
721916;18
722787;70
722803;165
723015;9
723270;221
726394;116
727751;118
728134;146
728597;204
728615;142
728854;248
728941;80
731581;112
732594;259
735736;223
736918;105
737394;263
738328;163
740256;99
740265;268
740847;116
742570;156
743309;130
744250;156
745312;114
748233;268
748234;233
748561;137
748672;179
748950;179
750049;23
750068;25
750961;31
751697;228
752361;133
753639;192
753911;99
760257;23
763245;50
764751;228
765861;187
766047;74
766401;218
773721;74
773790;202
779832;62
780767;169
780829;197
782114;126
782402;228
782633;66
782859;225
782887;268
782929;99
783141;104
783171;44
783603;188
784435;190
786880;21
789384;56
791550;270
791556;66
799491;196
804975;67
804989;44
805361;97
807575;128
807953;21
819199;59
830463;232
830674;69
834976;20
834979;10
835791;105
835813;180
838574;152
840771;110
843761;127
869659;212
870544;10
882088;222
885821;180
886689;213
902089;179
915820;216
924694;97
934836;68
935313;14
941929;172
943648;62
945085;97
953750;31
953763;179
953766;133
953794;230
961002;48
961013;87
961018;70
961379;262
962051;49
962127;266
962191;70
963403;178
964582;129
965872;31
966027;48
966048;9
966178;9
966204;75
966980;62
966990;56
967856;107
967889;78
968476;112
969368;50
969550;75
971634;21
972333;152
974345;68
975980;62
979459;105
980170;93
980927;142
982897;95
984296;54
985979;56
987378;186
990892;64
996342;187
996505;146
996580;275
997888;259
998032;80
998435;220
1000595;203
1000899;25
1000956;90
1001214;76
1001519;197
1001792;128
1003443;186
1004706;180
1012631;69
1012632;164
1015450;212
1015455;282
1016112;225
1038247;93
1038248;38
1038509;76
1038603;29
1039410;48
1039459;225
1039632;156
1039649;93
1040055;268
1040208;80
1040520;137
1040521;233
1040676;15
