116;9
462;36
1286;48
1290;9
1665;156
2485;156
2580;178
4936;178
6127;112
6152;9
7331;67
7409;38
7917;9
8941;249
8967;191
9542;53
9639;33
10420;225
10452;116
10741;178
10770;191
10930;170
10931;21
11242;183
11350;120
11368;260
11605;87
11753;9
11936;112
12301;112
12304;186
12594;120
12662;25
12680;55
13078;9
13123;53
13451;107
15532;145
15883;93
16076;222
16870;165
16873;63
16977;246
17016;218
17241;48
17852;116
17909;269
18077;273
18831;18
19058;32
20701;212
20893;32
20938;186
21414;31
21428;112
21489;183
21897;179
22404;152
22473;97
22474;128
23448;31
23483;156
23699;19
23702;254
24101;130
24842;38
25026;242
25429;211
25629;31
25631;156
26079;36
26156;242
26203;112
27888;246
28660;156
30011;260
30605;31
30979;246
31988;31
34794;133
35719;48
38255;247
38346;251
38350;111
38384;18
38767;48
39275;31
39749;70
40238;53
41144;93
41499;112
42077;142
42081;76
42746;87
43512;101
43563;128
43580;56
43585;62
44037;29
44162;48
44862;20
45057;16
45279;18
45981;83
46295;105
46440;179
46582;137
47082;178
47289;15
47476;127
48490;118
49239;179
49946;212
50040;64
50179;227
50597;36
50603;206
50654;64
50979;183
51474;181
52206;67
52223;179
52805;161
52883;269
53070;198
53262;51
53306;211
53358;15
53986;19
54568;200
54750;53
55499;120
55833;212
56018;183
56027;72
56074;5
57822;53
57873;80
59581;178
60255;123
60295;19
60652;250
61033;93
61042;48
61667;93
62264;162
62359;207
62658;80
64061;215
65072;93
65171;40
65520;40
65706;200
65766;105
66239;187
66717;233
66847;36
67589;23
67610;25
67695;181
67697;213
67846;133
67948;225
68331;223
68478;93
68781;156
68952;227
69374;242
70443;9
70480;48
70539;24
71125;9
71633;178
71875;220
72884;33
73811;142
74642;266
74808;4
75197;80
75200;204
75374;112
75722;228
75725;94
76163;19
76254;270
76685;246
76899;179
76945;33
77789;19
77798;117
77809;78
77858;124
78297;178
80195;260
80340;107
80867;95
81290;87
82989;171
83783;245
85447;262
86372;75
87079;179
88359;67
89075;75
89148;16
89755;38
91032;31
91540;156
91739;109
91862;107
94426;121
94428;212
94465;40
94629;123
95123;186
95547;53
95561;226
95643;121
96024;157
98124;141
98312;9
98411;20
98434;172
98690;14
99115;129
99119;62
99913;34
100129;48
100574;242
100627;95
100715;111
101039;224
101498;10
101499;190
101520;180
102090;1
102983;64
103058;8
105355;51
106457;127
106892;186
107716;38
109964;48
110084;95
110250;42
110949;267
111050;262
111244;60
111525;227
111532;183
113299;214
113813;235
114826;268
115044;142
115650;246
116550;64
116753;42
117271;155
117492;179
117504;213
118847;203
120742;21
120925;103
121224;76
121663;156
122995;48
123463;244
123943;146
124286;97
124417;272
124450;225
125766;9
126360;15
126977;116
128855;29
129001;76
129794;187
129865;54
130651;278
130831;145
131509;212
132045;221
132046;79
132551;22
133804;278
134791;215
135657;2
138295;272
138512;38
138514;263
140901;76
142746;8
142907;212
144134;40
144196;222
145028;48
145029;93
145409;114
147193;142
147364;76
150429;282
150669;7
150695;112
151669;205
151697;58
152065;134
152074;23
152687;25
153825;248
155553;105
155916;215
156039;179
157279;248
158389;25
159634;100
159737;87
160714;128
161725;163
163106;216
163304;256
164740;246
165584;242
165809;213
167175;80
167283;141
168995;247
170291;133
171195;234
171926;15
173153;231
173402;248
174159;144
175577;203
175647;163
176335;274
176766;55
177113;269
182202;216
184217;208
184335;254
185177;180
185348;48
185357;9
187456;2
187467;234
188102;152
188716;116
189480;161
189481;280
189927;172
190951;90
191014;123
191515;20
193210;127
195803;98
196469;168
197878;184
197885;205
198191;138
198477;278
198909;180
198963;172
199200;39
200269;265
202225;48
202329;266
203338;16
203550;111
203712;248
203779;191
203848;212
204735;259
205370;130
206959;223
207364;220
207383;141
207399;203
208019;245
208148;94
208427;16
208968;18
209792;201
210191;189
210960;197
212154;125
212195;59
212309;233
212349;93
212492;182
212708;107
213800;130
214254;77
215363;268
215633;225
216692;177
216700;184
216975;228
217883;142
219671;75
219975;255
220538;87
222326;197
222329;82
222822;164
223807;126
224441;270
227256;25
227382;254
227692;18
229484;80
229503;277
230295;199
230566;71
230668;83
232809;12
233207;84
233598;191
233705;104
234964;18
235191;54
236378;130
237009;77
239426;118
240803;135
241919;80
242428;161
242448;127
242831;75
243406;15
244121;204
244982;266
247998;206
248350;62
248998;90
249347;7
249601;223
250060;142
250281;56
251919;250
252890;137
253295;243
253788;72
253793;41
253825;263
254040;95
255261;116
256099;282
257812;124
257814;68
258450;190
258618;275
258727;178
259553;172
259561;57
260189;180
260561;16
261291;248
261768;77
261854;191
262124;172
262174;123
262224;227
262225;183
263027;119
263032;108
264062;33
264593;138
265709;10
265718;180
265805;222
266437;162
267437;187
269633;21
271943;90
272681;181
272810;123
273001;172
273156;59
273452;72
274525;52
274726;20
281213;77
282542;68
285523;223
286658;263
287443;142
289989;142
290529;240
291293;23
294570;29
294777;15
296733;62
297123;83
297714;18
297973;125
299279;132
303846;81
304231;142
304869;80
304942;181
304946;80
305903;232
306401;12
307896;133
310148;62
310851;231
310961;97
312433;156
312486;31
313595;9
314131;244
315637;116
316222;192
316428;259
319154;127
320383;186
321265;161
322302;128
322893;36
323422;1
324528;229
325870;239
328558;241
328616;61
328636;102
328862;154
329034;280
334274;38
334308;93
336020;24
337632;55
338039;133
338453;278
338970;76
339204;213
340226;213
340740;115
342288;59
342289;85
343623;96
343669;14
344636;281
345255;214
345477;63
345687;112
349828;181
349946;234
350248;81
351100;229
352745;192
353244;106
355685;31
359859;9
361878;203
362028;206
364185;180
364302;197
364780;31
365916;74
371706;156
372105;8
374896;241
375046;272
377067;154
377256;56
377947;129
378615;52
378777;167
382489;214
386815;133
387088;133
387569;20
388445;59
388919;54
390331;248
390607;20
394443;208
395611;168
395695;83
396432;109
396658;233
396659;137
397498;146
397828;251
398418;230
404446;34
405807;218
406048;118
409656;90
412194;110
413459;144
413610;132
414993;34
417323;25
421700;277
424508;219
425426;187
427092;120
427643;2
429338;167
429939;133
429995;33
430516;181
432597;143
434193;126
435201;14
435439;186
435942;124
438488;38
438773;48
439398;110
444046;231
444497;279
444498;226
444799;188
445305;278
445452;18
445775;242
446741;40
446883;20
447605;83
449631;272
450008;15
450729;75
451953;117
453299;194
453495;238
454843;16
454998;126
455216;215
455411;240
456516;5
457716;179
459331;9
460562;23
462851;154
463855;270
463991;9
468522;166
472025;219
474456;90
476643;54
477514;77
480764;25
480827;239
482343;212
482348;121
482896;266
485187;103
486650;143
486688;188
486717;51
486798;15
486882;230
487028;242
489061;32
489072;81
490311;178
492766;266
493283;130
493367;266
496595;21
496635;97
497804;145
497891;141
498888;178
501518;186
504598;104
504630;25
504653;7
505174;74
505380;29
506808;44
507269;48
508314;70
508486;9
513637;235
514312;145
522490;215
524125;68
524672;137
524814;23
526109;112
527735;32
528462;94
528648;172
528714;197
531145;75
531904;98
536141;262
536169;242
536251;233
538968;87
539208;242
539542;48
543204;246
549132;190
552072;36
552280;53
553560;187
555331;57
557675;180
557864;18
559368;31
561115;172
561771;128
563365;239
563507;112
564088;16
564602;64
565700;116
565807;186
566594;67
566633;204
566698;5
567990;133
568433;104
568460;179
572112;187
575333;266
575510;121
575676;121
577468;225
577870;4
578166;76
578504;212
578886;214
579462;270
580001;40
580321;63
580511;61
581654;222
582000;93
582057;16
582421;40
582448;244
582755;169
583583;165
583588;101
587855;212
588568;36
592142;203
592808;87
592813;70
593927;278
594802;172
596072;212
596321;74
596929;152
598306;225
599881;70
601025;93
601051;48
602111;105
604347;176
605272;94
607357;142
607899;15
608444;126
609066;191
610417;226
610625;184
613855;247
614515;150
615554;280
616912;112
617608;186
621305;59
621703;180
621864;256
622172;80
622815;53
623745;197
625290;176
625970;197
626696;226
626952;7
628538;211
629286;268
629836;88
630087;32
630544;102
630595;128
630598;141
630814;203
631647;231
639681;55
639862;235
640210;111
641573;66
645967;97
645969;128
647568;70
649822;64
650722;186
651894;152
651901;211
652027;93
652739;270
653205;115
653217;150
655842;172
655858;142
659111;244
661304;156
663340;21
664774;203
665085;94
667214;94
667282;79
667434;221
671808;40
675627;102
675771;56
677058;133
677211;156
677877;226
681430;186
687119;121
687252;25
687595;226
687601;279
687661;268
688454;197
688532;14
689880;266
690103;133
690391;76
690393;142
690617;94
693990;79
693996;221
694003;183
694513;116
698335;216
699347;156
700769;186
701366;256
703466;239
704643;94
705263;203
707261;70
707277;165
707508;133
707630;48
708436;253
708993;223
710562;101
711861;21
712358;79
712364;221
712404;130
712570;22
712841;105
715825;266
716215;126
716878;133
717594;64
718143;204
718388;80
718965;70
719020;203
719125;40
721916;18
722091;112
722707;186
722787;70
722803;165
725519;64
726394;116
727751;118
727917;80
728134;146
728597;204
728615;142
728941;80
732594;259
732690;181
736918;105
737394;263
738282;40
739310;223
740256;99
741737;29
742570;156
743572;203
744423;233
744426;137
747532;130
748233;268
748561;137
748672;179
750049;23
750068;25
750961;31
752461;18
753911;99
753926;268
754072;149
755540;55
757839;77
760091;40
760257;23
762626;212
763245;50
765861;187
773721;74
779832;62
780767;169
782114;126
782887;268
782929;99
784435;190
786880;21
789301;97
791550;270
791556;66
796211;218
819199;59
823668;208
830463;232
830674;69
830675;164
834976;20
834979;10
835791;105
835813;180
837433;83
842627;87
869645;266
871401;20
871404;123
885821;180
886689;213
915820;216
934836;68
935313;14
941929;172
943648;62
945550;269
953753;156
953763;179
961018;70
961325;242
961379;262
962051;49
962127;266
962793;38
963403;178
964582;129
965867;272
965872;31
966027;48
966204;75
967683;22
967889;78
968476;112
969503;262
972764;36
973109;244
974458;223
980170;93
983363;243
984296;54
985849;116
986752;277
987378;186
990386;20
990892;64
996256;15
996342;187
996580;275
998126;179
998414;222
1000503;213
1000629;239
1000899;25
1000956;90
1001214;76
1001824;253
1003443;186
1004710;190
1012631;69
1015455;282
1015915;126
1016112;225
1032329;123
1032676;98
1038217;48
1038248;38
1038483;25
1038508;142
1038509;76
1038603;29
1039410;48
1039459;225
1039632;156
1039845;105
1040055;268
1040208;80
