116;9
462;36
1290;9
1300;87
1665;156
2485;156
2495;116
2838;93
2842;9
4376;9
4936;178
5226;70
6127;112
6152;9
7409;38
7412;9
7917;9
8921;186
9542;53
9639;33
10356;156
10420;225
10452;116
10741;178
10770;191
10931;21
11056;145
11368;260
11753;9
11936;112
12304;186
12594;120
12662;25
12680;55
14130;212
14249;176
14326;184
15063;266
15532;145
15625;236
16076;222
16193;76
16870;165
17016;218
17241;48
17852;116
17909;269
18077;273
18157;260
18831;18
19064;81
19165;242
19172;260
21414;31
21428;112
21489;183
21897;179
23174;232
23483;156
24101;130
24204;36
24842;38
24878;117
25026;242
25155;69
25227;191
25429;211
26085;120
26156;242
26203;112
26506;18
26680;107
26687;19
26900;93
27888;246
28660;156
31777;249
31988;31
35719;48
36244;184
37565;249
37775;95
39275;31
39504;186
39639;218
39769;72
40238;53
41499;112
41931;40
42077;142
42081;76
42269;212
42746;87
43512;101
43580;56
43585;62
44037;29
44862;20
45279;18
45377;251
45981;83
46295;105
47082;178
48490;118
48982;232
49239;179
49629;38
49946;212
50179;227
50301;80
50603;206
50654;64
52206;67
52223;179
52805;161
52883;269
53262;51
53306;211
53358;15
53930;260
53986;19
55803;266
55833;212
56027;72
56509;260
57035;228
58849;80
61033;93
61042;48
61667;93
62264;162
62658;80
63204;20
63242;127
63867;197
64248;25
64721;105
64804;144
65094;186
65171;40
65330;182
65520;40
65706;200
65796;235
66717;233
66721;137
66847;36
67079;61
67610;25
67695;181
67846;133
68779;31
69411;241
70480;48
70835;84
70843;142
71633;178
72009;75
72742;48
73036;105
73811;142
74642;266
74808;4
75197;80
75649;260
76163;19
76254;270
76685;246
76855;126
76899;179
76945;33
77789;19
77798;117
77804;60
77809;78
78578;248
78954;93
80195;260
83783;245
85391;242
85447;262
86543;187
87079;179
87909;70
89148;16
89342;145
89755;38
91010;94
91032;31
91179;128
91739;109
94426;121
94428;212
95123;186
95561;226
95643;121
96024;157
96034;53
97641;117
98124;141
98411;20
98690;14
99115;129
99323;220
99594;23
99595;25
100129;48
100574;242
100627;95
100990;156
101039;224
101775;20
102090;1
102983;64
103058;8
105355;51
106892;186
108111;90
109481;95
109964;48
110084;95
111243;78
111525;227
112082;76
113813;235
114826;268
114943;44
115679;112
116550;64
116753;42
118257;189
118847;203
119172;268
120742;21
120925;103
121224;76
123303;40
123992;165
124194;213
124450;225
124911;222
125622;179
126977;116
128004;129
128855;29
129794;187
129865;54
132045;221
132551;22
132974;246
133804;278
133806;55
135161;4
135657;2
135965;80
138295;272
138512;38
141207;178
142075;116
142907;212
144134;40
144233;163
144290;80
144482;49
145028;48
145617;133
147136;117
147193;142
147364;76
150429;282
150669;7
150695;112
151697;58
152065;134
153825;248
155553;105
157279;248
158658;179
160714;128
160722;56
161725;163
163106;216
163304;256
165584;242
165809;213
167175;80
167283;141
167810;88
169073;176
170291;133
171195;234
172569;278
172620;31
173153;231
174097;186
174159;144
175403;187
175577;203
175647;163
176314;138
176335;274
179927;36
184217;208
184335;254
184550;171
185177;180
185348;48
185357;9
187424;148
187456;2
188716;116
189481;280
189927;172
190699;177
191014;123
191515;20
193210;127
195803;98
196469;168
197268;172
197878;184
197885;205
198477;278
203338;16
203550;111
203779;191
205370;130
205901;88
206959;223
207046;253
207102;80
207383;141
207399;203
208019;245
209414;162
209792;201
210191;189
210611;230
210960;197
212154;125
212195;59
212309;233
212349;93
212492;182
212708;107
215633;225
216613;204
216700;184
218565;281
219671;75
219975;255
220265;126
220538;87
220932;146
222326;197
222329;82
222822;164
223054;278
223742;34
223807;126
224304;201
224441;270
227256;25
227382;254
227631;244
227692;18
230295;199
230566;71
230668;83
232809;12
232845;206
233207;84
233221;268
233598;191
233705;104
234368;258
235056;244
237009;77
237659;94
239426;118
240803;135
240950;213
241919;80
242448;127
244121;204
244294;211
244297;70
244982;266
247637;181
247998;206
248350;62
249768;79
250048;234
250281;56
252889;233
252890;137
253737;130
253788;72
254040;95
255440;187
256099;282
256868;250
257651;233
257809;175
257814;68
258023;273
258450;190
258618;275
259553;172
259561;57
259751;266
259766;98
260189;180
261291;248
261768;77
262124;172
262174;123
262225;183
262621;22
263032;108
263127;222
264062;33
264593;138
264718;143
265718;180
265805;222
266437;162
269041;157
269633;21
271943;90
272681;181
273156;59
273902;195
274281;239
274525;52
274726;20
276439;162
280138;49
282542;68
285523;223
286658;263
287443;142
291293;23
294570;29
294777;15
294781;133
296733;62
297714;18
297887;279
297973;125
300567;40
301364;62
304231;142
304942;181
304946;80
308456;145
308466;178
310148;62
310851;231
310961;97
311978;142
312433;156
312486;31
315637;116
316222;192
316310;61
316428;259
321265;161
322893;36
325869;54
325870;239
328544;163
328558;241
328616;61
328630;214
328636;102
328862;154
329034;280
333524;133
334274;38
335726;114
337116;271
337632;55
338039;133
338387;80
338453;278
338970;76
339204;213
340226;213
341736;39
341801;93
342283;195
344207;102
344633;61
344636;281
345255;214
345407;267
345414;179
345474;208
345477;63
345687;112
346787;93
349946;234
350248;81
351100;229
352728;257
353113;276
355685;31
356330;136
357096;276
359859;9
362028;206
364185;180
364302;197
365357;156
365916;74
367561;15
368267;181
371645;127
371706;156
372105;8
374896;241
375046;272
377256;56
378615;52
378777;167
381148;10
382489;214
386060;67
386815;133
387569;20
388445;59
390331;248
390607;20
396659;137
397498;146
397828;251
398418;230
404446;34
405807;218
406045;53
406048;118
409656;90
412016;223
412194;110
413459;144
414266;243
415953;273
417323;25
421700;277
422917;165
424508;219
426072;145
428996;27
429939;133
432597;143
433371;190
434193;126
434912;56
435201;14
435942;124
437545;59
437551;239
438486;93
438488;38
438773;48
439398;110
441188;56
443049;282
444046;231
444498;226
444799;188
445305;278
445452;18
445775;242
446741;40
446883;20
447420;170
449154;229
449574;116
449631;272
450008;15
450729;75
450898;123
451949;242
452404;9
453299;194
453888;253
454843;16
454998;126
455321;256
457716;179
459331;9
460562;23
463991;9
465447;55
468522;166
472025;219
476643;54
477514;77
478880;50
480764;25
480827;239
481128;48
482343;212
482896;266
485187;103
485561;121
486650;143
486798;15
487028;242
488966;64
489061;32
489072;81
490311;178
492451;266
492766;266
493983;22
495502;20
495606;280
496595;21
496635;97
497804;145
498337;159
498344;67
501518;186
501523;112
504417;76
504598;104
504653;7
504682;251
505174;74
505258;232
505380;29
506808;44
508314;70
510373;172
513637;235
515366;178
516992;182
519208;31
519852;191
521601;180
522490;215
522893;165
524125;68
524672;137
524819;179
524914;133
531027;184
531503;29
531648;10
531732;190
531904;98
535634;80
536141;262
536169;242
536251;233
538968;87
539542;48
541486;55
546848;179
549132;190
550158;23
552280;53
552629;10
552645;130
553560;187
553867;244
555331;57
556499;203
556886;168
557682;59
557864;18
557991;98
558558;20
559368;31
561115;172
561771;128
563507;112
563831;114
565807;186
566496;246
566594;67
566633;204
566698;5
567233;15
567691;246
568433;104
568460;179
569826;169
570654;54
571225;172
575198;197
577870;4
578166;76
578504;212
578886;214
579434;281
579462;270
579483;14
580001;40
580439;179
581654;222
581795;163
582000;93
582057;16
582372;48
582448;244
582755;169
582899;241
583583;165
587360;183
587897;145
588547;269
589083;266
589337;269
592203;227
592808;87
592813;70
593927;278
595005;32
596116;203
596225;80
596929;152
598306;225
599699;263
600401;112
601025;93
601988;68
602111;105
603128;212
604347;176
605090;212
607899;15
608444;126
609066;191
609301;251
610417;226
610898;70
613855;247
615017;186
615488;97
616179;208
616912;112
617608;186
621703;180
623745;197
625290;176
626054;62
626710;126
629836;88
630087;32
630510;146
630595;128
630598;141
630814;203
631313;32
631647;231
633946;40
634127;204
635965;244
639681;55
640374;267
641344;203
645969;128
647568;70
647583;165
649822;64
650621;112
650722;186
651024;215
651901;211
652027;93
652531;201
652771;281
652937;102
653217;150
655858;142
658602;137
658828;4
659111;244
659204;76
661269;263
661302;31
663252;97
663340;21
665085;94
667434;221
671808;40
672952;279
675557;109
675771;56
677211;156
677871;279
677877;226
681430;186
683562;130
687394;22
689880;266
690391;76
690393;142
690617;94
693990;79
693996;221
694575;76
695280;176
699347;156
701366;256
703466;239
704122;195
704643;94
704709;94
705263;203
707630;48
707862;186
708993;223
710283;104
710562;101
710779;23
710798;25
711861;21
712358;79
712364;221
712404;130
712652;212
712841;105
713463;68
714994;9
716710;126
718143;204
718965;70
719020;203
719150;133
720327;23
722707;186
722803;165
722962;93
723015;9
723270;221
725519;64
726394;116
726613;40
727751;118
727917;80
731581;112
732594;259
732690;181
735736;223
736918;105
737394;263
738282;40
739310;223
740256;99
741154;239
741737;29
743309;130
743572;203
744250;156
744426;137
747532;130
748234;233
748561;137
748672;179
749251;116
750049;23
750961;31
751697;228
752461;18
753926;268
754072;149
754758;31
755540;55
757839;77
760257;23
762626;212
764751;228
765861;187
766047;74
779832;62
780767;169
780829;197
782114;126
782376;113
782633;66
782859;225
783141;104
783171;44
783603;188
787793;105
789301;97
791552;224
791556;66
796211;218
799491;196
804975;67
807575;128
807953;21
818917;231
819199;59
830463;232
834976;20
837433;83
838574;152
840771;110
842627;87
843761;127
869645;266
870544;10
876370;106
882088;222
885821;180
886689;213
902089;179
915820;216
924694;97
934836;68
935313;14
941929;172
942081;20
943648;62
945085;97
945550;269
948795;40
953670;55
953750;31
953753;156
953794;230
961002;48
961013;87
961018;70
961325;242
961379;262
962051;49
962793;38
964582;129
965867;272
965872;31
966027;48
966050;93
966178;9
966204;75
966990;56
967683;22
967731;254
968476;112
969368;50
971428;178
971634;21
972333;152
972764;36
973109;244
974458;223
975980;62
979459;105
980170;93
982841;118
983363;243
984295;59
984296;54
985849;116
986752;277
987378;186
987920;112
990386;20
990892;64
996256;15
996580;275
996585;172
997886;124
998126;179
998375;191
998414;222
999665;275
1000595;203
1000629;239
1000956;90
1001214;76
1001519;197
1001788;97
1001792;128
1001824;253
1003443;186
1004706;180
1004710;190
1005721;31
1012631;69
1015915;126
1016112;225
1034604;172
1038217;48
1038248;38
1038483;25
1038508;142
1039632;156
1040055;268
1040520;137
1040521;233
1040676;15
1041258;197
