462;1375
1286;2599
1290;1570
2485;203
2495;202
2503;245
2580;517
4936;574
6127;929
6786;2760
7412;1697
7917;1698
8745;2085
8921;279
8941;119
8967;12
9542;174
9639;19
10356;202
10420;289
10452;218
10741;545
10770;11
10931;199
11242;340
11350;1553
11368;1299
11753;1599
12272;62
12301;1008
12594;1799
12670;49
12680;39
13123;199
13451;497
14130;139
14326;137
15063;44
15532;239
15625;228
15883;1701
16193;340
16977;1613
17197;2799
17198;1499
17241;2887
17358;2278
17909;18
18077;42
18831;1041
19064;39
20938;299
21002;1308
21414;227
21489;249
21897;62
22404;5999
22473;169
22474;159
23174;20
23448;236
23702;6770
24101;31
24279;1499
24842;790
25026;2699
25227;10
25429;1975
25629;238
26079;1299
26085;1999
26203;1079
26506;1150
26622;44
26687;699
26900;1463
27442;1741
27888;1696
28265;10
28660;221
30011;1399
30621;160
31777;121
31988;226
34326;225
35465;1992
35719;2770
36156;233
36244;159
37565;188
37775;29
38255;2099
38350;560
38384;1210
39275;243
39749;1842
40462;285
41144;1670
41279;42
41669;76
42269;148
43512;35
43563;149
43585;54
43958;65
44037;1972
45057;349
45377;981
46295;75
46440;56
47082;504
47126;25
47289;316
47476;141
48490;576
48611;675
48982;19
49239;72
49629;856
50040;316
50179;184
50301;47
50654;342
51474;52
52805;30
53262;35
53930;1392
53986;696
54568;1179
54750;238
55499;2071
55833;158
56018;322
56020;273
56074;64
56509;1299
56897;982
57035;269
58849;78
58925;292
60295;702
60652;2055
62359;60
63242;159
64061;80
64804;7
65072;1329
65094;378
65330;249
65706;1202
65766;60
65796;49
66316;491
66717;190
66721;190
66907;485
67079;18
67610;88
67651;162
67695;66
67697;80
67846;55
68695;799
68697;1348
68779;224
68781;197
69374;2799
69411;47
70443;1362
70843;520
71633;514
71875;182
72009;8999
72742;2749
72884;20
73036;78
73820;330
74972;1999
75200;73
75374;997
75524;1189
75531;293
75725;128
76163;699
76685;1679
76899;65
76945;29
77789;659
77809;549
77858;365
78798;209
80195;1470
80340;445
80867;29
85391;2317
88359;616
89342;279
89753;1449
89755;969
91179;135
91507;1299
91540;189
91862;629
94465;199
94490;52
94924;56
95123;317
95547;229
95643;19
97641;297
98016;54
98124;71
98690;14
99115;53
99594;57
100574;2599
100627;25
100715;647
100991;234
101499;125
101520;46
102090;1349
102663;869
102983;343
103916;199
105355;27
106750;2650
106904;998
107716;899
107990;1849
108111;1246
109481;28
109864;10
110052;16
110084;34
110250;2999
110949;10
111050;9699
112082;231
113299;11
113813;28
115044;509
115520;949
115650;1729
115679;1085
116550;365
116753;2999
117271;1218
117492;64
118257;167
119172;303
120925;13
121224;277
121663;219
122995;2744
123256;488
123303;213
124194;61
124286;170
124450;284
124911;269
125629;44
125766;1619
126360;331
126977;200
128855;1988
129220;1249
129738;43
129794;9
130807;699
130831;299
132046;141
132551;5
132974;1729
133806;51
135161;13
135623;207
135657;30
135965;39
138295;223
138512;899
144290;47
144482;2213
144487;1743
145409;1167
145617;44
147136;269
147193;535
149664;527
150695;979
151669;160
152065;36
153825;69
156039;79
158039;224
158658;73
159737;2327
160722;19
162173;61
163106;24
163304;39
165809;69
165888;59
167283;71
167303;24
167810;33
168995;2016
170291;39
171195;59
171827;138
171926;304
172569;21
172620;261
173402;82
173574;1998
174097;389
174159;25
174372;21
175157;26
175166;209
175403;10
175577;121
175647;39
176314;1138
176335;1041
177113;30
179927;1191
182202;36
185177;46
185348;2799
185357;1699
186605;49
186813;28
187424;60
187467;63
188716;199
189481;41
190699;99
190951;1366
191515;39
192282;70
195803;54
197806;35
197878;149
198114;54
198191;1206
198477;17
198675;34
198909;42
199200;42
201384;293
202225;2890
203338;475
203550;578
203712;86
203779;11
205901;44
206959;1326
207046;20
207383;72
207399;155
208019;48
208148;131
208427;408
208463;240
208968;1115
209414;89
209792;20
210191;158
210960;490
212154;15
212195;43
212309;193
212349;1899
212492;249
216613;85
216692;99
216840;103
216975;233
218565;34
219671;8999
219975;39
220932;135
222329;1666
223054;17
225112;56
225937;129
226811;13
227382;5999
227692;1201
229484;59
229503;1251
229680;1182
230668;135
232845;14
233221;270
233705;152
233807;34
235056;727
237009;38
237659;127
240803;356
240950;78
241802;249
241919;59
242070;258
242218;47
242428;34
242831;8999
243062;4499
243406;373
244121;84
244982;40
247998;11
249347;29
250060;529
250281;20
250520;668
251967;62
252889;246
252890;246
253737;28
253793;172
254040;26
255261;191
255440;11
257651;273
257809;129
257814;287
257950;273
258023;44
258450;125
258618;126
258727;699
259553;127
259561;53
259565;45
259751;38
259758;45
259766;59
260189;48
260561;417
262174;61
262224;184
262225;281
262621;5
263027;22
263032;10
263127;256
263788;59
264062;24
265709;34
265718;36
266437;71
268516;24
269041;28
269633;168
269656;92
272810;52
272947;51
273902;205
274281;194
274726;36
276439;71
281213;38
281325;58
282542;216
283643;200
285523;1692
287443;524
289449;59
289682;254
291293;50
294157;325
294570;1935
294777;381
294781;54
297123;129
297887;34
297973;18
299279;899
300567;213
304231;506
304946;63
306401;39
307902;24
308466;700
310961;169
311978;512
312106;99
312486;243
313595;1649
314131;744
316228;8
316310;29
316428;538
319154;159
320383;423
322893;1404
324528;24
325870;250
328544;33
328558;70
328616;17
328630;14
329034;48
333524;41
334308;1620
335726;1266
337116;46
338387;58
338453;20
338970;252
341736;53
341801;1399
342283;239
342289;65
343623;20
343669;19
344633;26
344636;29
345255;21
345407;15
345414;56
345474;11
345477;11
345687;1037
345942;27
346484;899
346787;1899
349828;60
350248;21
351100;44
352728;13
353113;69
356330;19
364185;44
364302;511
364780;267
365357;249
365525;106
365916;17
367561;343
368267;53
371645;145
372105;79
374896;58
377256;20
378615;96
380196;99
381148;58
382489;14
386060;903
386815;36
387088;43
387569;34
388647;999
390331;77
390607;42
394443;8
395611;28
395695;119
396432;20
396658;273
396659;273
397548;31
397553;105
397828;1185
398418;24
405807;42
406048;699
407498;30
408773;14
409463;262
409656;1319
412194;326
413459;24
413610;1206
414266;291
414993;19
421199;1129
421700;969
422704;139
424131;115
424494;35
425426;2
427643;29
428996;36
429338;179
429939;44
433371;111
434912;23
434959;190
435201;14
435439;335
437551;232
438486;1899
438488;899
439398;267
441188;19
444046;1120
444497;25
444498;30
445305;17
446741;194
446883;44
447420;199
447605;112
449631;200
449685;1709
450008;312
450729;8549
450787;17
450898;59
452404;1565
453299;3
453888;19
454998;473
455216;116
455321;43
455411;60
457716;56
459331;1799
460562;69
462851;19
463991;1422
465447;49
468522;269
472025;17
474456;1896
476643;37
478880;370
481128;2811
481218;1899
482348;19
485176;89
485187;21
486688;57
486882;21
487028;2312
488966;371
489061;41
489072;62
492604;1039
492766;47
493283;28
495502;35
495606;36
496340;176
496595;220
496635;187
497804;242
501025;187
504417;365
505174;15
505380;1847
506808;238
507269;2703
508314;1851
508486;1382
514312;206
516992;248
519852;13
524125;226
524288;1699
524819;59
526109;1149
527735;19
527905;5266
528628;235
528648;108
528714;509
531145;7998
531503;1954
534897;75
535510;39
536251;198
536982;43
539542;2841
541486;38
549132;123
551336;1999
552280;248
552629;43
553560;6
553867;612
556886;37
557864;1199
557991;59
558558;33
559065;224
559368;252
561115;120
561771;160
563365;236
563507;997
563831;1187
564088;418
564602;328
565700;234
565807;330
566496;1729
566594;721
566633;59
567233;349
567990;42
569154;349
569826;449
570654;32
570736;233
571225;102
572112;6
575510;20
575676;16
577468;296
577870;13
578504;132
578886;20
579434;29
579462;78
580321;9
580439;57
580511;32
581654;263
581795;30
582000;1675
582057;363
582372;2890
582755;450
583583;44
583588;30
587855;142
588547;17
588568;1539
589083;49
589337;18
591063;274
592142;127
592203;186
592808;2084
592813;1749
594802;101
596072;151
596225;79
596929;4939
598306;253
598524;1899
598537;2849
599869;9899
600401;919
601025;1699
601037;1620
601051;2899
603128;148
604347;10
605090;150
608444;521
609066;13
610417;59
613855;2099
614515;40
615017;373
615554;48
615787;41
616912;978
617608;437
621305;39
621703;39
622172;76
623745;488
626884;207
626952;40
629286;237
630051;228
630087;27
630510;129
630595;168
630598;71
630814;127
631313;26
631647;912
639681;40
639697;8
639862;24
640210;604
641344;127
645967;147
645969;138
647568;1818
647583;37
650621;919
650722;305
651024;80
651894;5578
651901;2139
652027;1616
652531;39
652771;64
652937;37
653217;52
655842;101
658602;258
659111;761
659204;382
661302;225
661304;202
663340;173
664774;141
667214;108
667282;168
667434;186
671808;234
672952;29
675627;36
677207;249
677871;29
677877;44
681430;318
687601;31
688608;552
688618;66
689880;44
690103;43
694003;235
695280;30
696035;13
698335;29
699347;214
701366;42
703466;199
704643;97
707261;1891
707277;38
707406;305
707508;41
707862;317
708146;955
708993;1628
710283;154
710983;63
711861;181
712358;160
712364;177
712841;59
713014;128
714994;1665
715825;41
716215;484
716710;500
716878;41
717594;323
718143;55
718222;478
718388;62
718556;2751
719020;128
719125;217
719150;42
720327;50
721916;1236
722707;305
722803;37
723264;160
727751;538
728597;53
728615;460
728617;318
728854;79
728941;59
735736;1195
738282;208
738328;49
739310;1149
740256;35
740265;240
740847;215
741154;214
741737;1961
742570;213
743046;59
744250;205
744426;225
745312;1239
747532;25
748233;275
748561;208
748950;57
749251;199
750049;51
750068;65
752461;1252
753639;29
754072;1279
754758;220
757839;40
760091;243
762626;149
764751;278
766401;50
773721;19
773790;31
780767;450
780829;651
782376;1356
782402;266
782859;264
783141;208
783603;99
784435;102
787793;62
789384;16
791495;12
791552;16
796211;52
805361;147
805465;146
807575;138
807953;173
830463;17
830674;484
834979;40
835813;37
838574;5722
843761;135
859889;109
869645;43
869659;146
870544;38
871401;38
876370;101
902089;62
915820;37
934836;214
935313;12
943648;43
945550;22
953750;214
953753;201
953766;40
953794;17
961002;2776
961013;2252
961325;2355
961379;7125
962051;3017
962127;38
962191;1789
962793;748
965867;226
966048;1359
966178;1395
966204;7999
966980;49
967683;9
967889;699
969503;6999
969550;9297
969571;2259
971428;513
972764;1341
973109;709
974345;228
979459;62
980927;478
982841;607
982897;25
983363;376
985849;201
985979;22
987920;978
990892;349
996505;121
996585;119
996945;2023
997886;338
997888;461
998032;66
999665;119
1000595;136
1000629;203
1001214;245
1001519;500
1005721;238
1012631;404
1015450;242
1016112;266
1032329;58
1032676;53
1034604;96
1038084;1320
1038483;94
1038508;631
1038509;437
1039459;340
1039632;265
1039649;2165
1039845;94
1040055;363
1040208;94
1041258;615
