462;36
1286;48
1290;9
2485;156
2495;116
2503;182
2580;178
4936;178
6127;112
6786;48
7412;9
7917;9
8745;211
8921;186
8941;249
8967;191
9542;53
9639;33
10356;156
10420;225
10452;116
10741;178
10770;191
10931;21
11242;183
11350;120
11368;260
11753;9
12272;204
12301;112
12594;120
12670;179
12680;55
13123;53
13451;107
14130;212
14326;184
15063;266
15532;145
15625;236
15883;93
16193;76
16977;246
17197;242
17198;260
17241;48
17358;242
17909;269
18077;273
18831;18
19064;81
20938;186
21002;36
21414;31
21489;183
21897;179
22404;152
22473;97
22474;128
23174;232
23448;31
23702;254
24101;130
24279;260
24842;38
25026;242
25227;191
25429;211
25629;31
26079;36
26085;120
26203;112
26506;18
26622;266
26687;19
26900;93
27442;246
27888;246
28265;191
28660;156
30011;260
30621;128
31777;249
31988;31
34326;28
35465;29
35719;48
36156;272
36244;184
37565;249
37775;95
38255;247
38350;111
38384;18
39275;31
39749;70
40462;282
41144;93
41279;263
41669;8
42269;212
43512;101
43563;128
43585;62
43958;160
44037;29
45057;16
45377;251
46295;105
46440;179
47082;178
47126;168
47289;15
47476;127
48490;118
48611;244
48982;232
49239;179
49629;38
50040;64
50179;227
50301;80
50654;64
51474;181
52805;161
53262;51
53930;260
53986;19
54568;200
54750;53
55499;120
55833;212
56018;183
56020;227
56074;5
56509;260
56897;112
57035;228
58849;80
58925;117
60295;19
60652;250
62359;207
63242;127
64061;215
64804;144
65072;93
65094;186
65330;182
65706;200
65766;105
65796;235
66316;126
66717;233
66721;137
66907;197
67079;61
67610;25
67651;203
67695;181
67697;213
67846;133
68695;38
68697;93
68779;31
68781;156
69374;242
69411;241
70443;9
70843;142
71633;178
71875;220
72009;75
72742;48
72884;33
73036;105
73820;76
74972;29
75200;204
75374;112
75524;200
75531;117
75725;94
76163;19
76685;246
76899;179
76945;33
77789;19
77809;78
77858;124
78798;40
80195;260
80340;107
80867;95
85391;242
88359;67
89342;145
89753;93
89755;38
91179;128
91507;260
91540;156
91862;107
94465;40
94490;179
94924;98
95123;186
95547;53
95643;121
97641;117
98016;23
98124;141
98690;14
99115;129
99594;23
100574;242
100627;95
100715;111
100991;31
101499;190
101520;180
102090;1
102663;38
102983;64
103916;53
105355;51
106750;48
106904;112
107716;38
107990;93
108111;90
109481;95
109864;187
110052;4
110084;95
110250;42
110949;267
111050;262
112082;76
113299;214
113813;235
115044;142
115520;200
115650;246
115679;112
116550;64
116753;42
117271;155
117492;179
118257;189
119172;268
120925;103
121224;76
121663;156
122995;48
123256;126
123303;40
124194;213
124286;97
124450;225
124911;222
125629;77
125766;9
126360;15
126977;116
128855;29
129220;1
129738;55
129794;187
130807;178
130831;145
132046;79
132551;22
132974;246
133806;55
135161;4
135623;156
135657;2
135965;80
138295;272
138512;38
144290;80
144482;49
144487;9
145409;114
145617;133
147136;117
147193;142
149664;142
150695;112
151669;205
152065;134
153825;248
156039;179
158039;40
158658;179
159737;87
160722;56
162173;105
163106;216
163304;256
165809;213
165888;80
167283;141
167303;201
167810;88
168995;247
170291;133
171195;234
171827;184
171926;15
172569;278
172620;31
173402;248
173574;120
174097;186
174159;144
174372;4
175157;216
175166;116
175403;187
175577;203
175647;163
176314;138
176335;274
177113;269
179927;36
182202;216
185177;180
185348;48
185357;9
186605;280
186813;216
187424;148
187467;234
188716;116
189481;280
190699;177
190951;90
191515;20
192282;80
195803;98
197806;102
197878;184
198114;98
198191;138
198477;278
198675;229
198909;180
199200;39
201384;282
202225;48
203338;16
203550;111
203712;248
203779;191
205901;88
206959;223
207046;253
207383;141
207399;203
208019;245
208148;94
208427;16
208463;68
208968;18
209414;162
209792;201
210191;189
210960;197
212154;125
212195;59
212309;233
212349;93
212492;182
216613;204
216692;177
216840;94
216975;228
218565;281
219671;75
219975;255
220932;146
222329;82
223054;278
225112;23
225937;203
226811;253
227382;254
227692;18
229484;80
229503;277
229680;114
230668;83
232845;206
233221;268
233705;104
233807;51
235056;244
237009;77
237659;94
240803;135
240950;213
241802;261
241919;80
242070;225
242218;258
242428;161
242831;75
243062;152
243406;15
244121;204
244982;266
247998;206
249347;7
250060;142
250281;56
250520;244
251967;177
252889;233
252890;137
253737;130
253793;41
254040;95
255261;116
255440;187
257651;233
257809;175
257814;68
257950;137
258023;273
258450;190
258618;275
258727;178
259553;172
259561;57
259565;20
259751;266
259758;10
259766;98
260189;180
260561;16
262174;123
262224;227
262225;183
262621;22
263027;119
263032;108
263127;222
263788;207
264062;33
265709;10
265718;180
266437;162
268516;33
269041;157
269633;21
269656;172
272810;123
272947;98
273902;195
274281;239
274726;20
276439;162
281213;77
281325;181
282542;68
283643;170
285523;223
287443;142
289449;129
289682;268
291293;23
294157;15
294570;29
294777;15
294781;133
297123;83
297887;279
297973;125
299279;132
300567;40
304231;142
304946;80
306401;12
307902;278
308466;178
310961;97
311978;142
312106;97
312486;31
313595;9
314131;244
316228;63
316310;61
316428;259
319154;127
320383;186
322893;36
324528;229
325870;239
328544;163
328558;241
328616;61
328630;214
329034;280
333524;133
334308;93
335726;114
337116;271
338387;80
338453;278
338970;76
341736;39
341801;93
342283;195
342289;85
343623;96
343669;14
344633;61
344636;281
345255;214
345407;267
345414;179
345474;208
345477;63
345687;112
345942;150
346484;38
346787;93
349828;181
350248;81
351100;229
352728;257
353113;276
356330;136
364185;180
364302;197
364780;31
365357;156
365525;86
365916;74
367561;15
368267;181
371645;127
372105;8
374896;241
377256;56
378615;52
380196;179
381148;10
382489;214
386060;67
386815;133
387088;133
387569;20
388647;277
390331;248
390607;20
394443;208
395611;168
395695;83
396432;109
396658;233
396659;137
397548;54
397553;275
397828;251
398418;230
405807;218
406048;118
407498;185
408773;14
409463;110
409656;90
412194;110
413459;144
413610;132
414266;243
414993;34
421199;112
421700;277
422704;28
424131;172
424494;150
425426;187
427643;2
428996;27
429338;167
429939;133
433371;190
434912;56
434959;272
435201;14
435439;186
437551;239
438486;93
438488;38
439398;110
441188;56
444046;231
444497;279
444498;226
445305;278
446741;40
446883;20
447420;170
447605;83
449631;272
449685;247
450008;15
450729;75
450787;269
450898;123
452404;9
453299;194
453888;253
454998;126
455216;215
455321;256
455411;240
457716;179
459331;9
460562;23
462851;154
463991;9
465447;55
468522;166
472025;219
474456;90
476643;54
478880;50
481128;48
481218;70
482348;121
485176;174
485187;103
486688;188
486882;230
487028;242
488966;64
489061;32
489072;81
492604;18
492766;266
493283;130
495502;20
495606;280
496340;128
496595;21
496635;97
497804;145
501025;227
504417;76
505174;74
505380;29
506808;44
507269;48
508314;70
508486;9
514312;145
516992;182
519852;191
524125;68
524288;70
524819;179
526109;112
527735;32
527905;152
528628;68
528648;172
528714;197
531145;75
531503;29
534897;25
535510;165
536251;233
536982;266
539542;48
541486;55
549132;190
551336;70
552280;53
552629;10
553560;187
553867;244
556886;168
557864;18
557991;98
558558;20
559065;156
559368;31
561115;172
561771;128
563365;239
563507;112
563831;114
564088;16
564602;64
565700;116
565807;186
566496;246
566594;67
566633;204
567233;15
567990;133
569154;64
569826;169
570654;54
570736;239
571225;172
572112;187
575510;121
575676;121
577468;225
577870;4
578504;212
578886;214
579434;281
579462;270
580321;63
580439;179
580511;61
581654;222
581795;163
582000;93
582057;16
582372;48
582755;169
583583;165
583588;101
587855;212
588547;269
588568;36
589083;266
589337;269
591063;225
592142;203
592203;227
592808;87
592813;70
594802;172
596072;212
596225;80
596929;152
598306;225
598524;29
598537;48
599869;75
600401;112
601025;93
601037;9
601051;48
603128;212
604347;176
605090;212
608444;126
609066;191
610417;226
613855;247
614515;150
615017;186
615554;280
615787;216
616912;112
617608;186
621305;59
621703;180
622172;80
623745;197
626884;189
626952;7
629286;268
630051;44
630087;32
630510;146
630595;128
630598;141
630814;203
631313;32
631647;231
639681;55
639697;187
639862;235
640210;111
641344;203
645967;97
645969;128
647568;70
647583;165
650621;112
650722;186
651024;215
651894;152
651901;211
652027;93
652531;201
652771;281
652937;102
653217;150
655842;172
658602;137
659111;244
659204;76
661302;31
661304;156
663340;21
664774;203
667214;94
667282;79
667434;221
671808;40
672952;279
675627;102
677207;31
677871;279
677877;226
681430;186
687601;279
688608;126
688618;179
689880;266
690103;133
694003;183
695280;176
696035;136
698335;216
699347;156
701366;256
703466;239
704643;94
707261;70
707277;165
707406;186
707508;133
707862;186
708146;112
708993;223
710283;104
710983;179
711861;21
712358;79
712364;221
712841;105
713014;203
714994;9
715825;266
716215;126
716710;126
716878;133
717594;64
718143;204
718222;142
718388;80
718556;48
719020;203
719125;40
719150;133
720327;23
721916;18
722707;186
722803;165
723264;79
727751;118
728597;204
728615;142
728617;76
728854;248
728941;80
735736;223
738282;40
738328;163
739310;223
740256;99
740265;268
740847;116
741154;239
741737;29
742570;156
743046;179
744250;156
744426;137
745312;114
747532;130
748233;268
748561;137
748950;179
749251;116
750049;23
750068;25
752461;18
753639;192
754072;149
754758;31
757839;77
760091;40
762626;212
764751;228
766401;218
773721;74
773790;202
780767;169
780829;197
782376;113
782402;228
782859;225
783141;104
783603;188
784435;190
787793;105
789384;56
791495;92
791552;224
796211;218
805361;97
805465;104
807575;128
807953;21
830463;232
830674;69
834979;10
835813;180
838574;152
843761;127
859889;172
869645;266
869659;212
870544;10
871401;20
876370;106
902089;179
915820;216
934836;68
935313;14
943648;62
945550;269
953750;31
953753;156
953766;133
953794;230
961002;48
961013;87
961325;242
961379;262
962051;49
962127;266
962191;70
962793;38
965867;272
966048;9
966178;9
966204;75
966980;62
967683;22
967889;78
969503;262
969550;75
969571;242
971428;178
972764;36
973109;244
974345;68
979459;105
980927;142
982841;118
982897;95
983363;243
985849;116
985979;56
987920;112
990892;64
996505;146
996585;172
996945;211
997886;124
997888;259
998032;80
999665;275
1000595;203
1000629;239
1001214;76
1001519;197
1005721;31
1012631;69
1015450;212
1016112;225
1032329;123
1032676;98
1034604;172
1038084;9
1038483;25
1038508;142
1038509;76
1039459;225
1039632;156
1039649;93
1039845;105
1040055;268
1040208;80
1041258;197
