1290;9
1300;87
1665;156
2485;156
4376;9
5226;70
6127;112
6786;48
7409;38
7412;9
7917;9
8745;211
8921;186
8941;249
9542;53
10082;118
10356;156
10420;225
10452;116
10741;178
10770;191
10931;21
11350;120
11605;87
11753;9
11936;112
12272;204
12304;186
12594;120
12662;25
13078;9
14130;212
14326;184
15883;93
16076;222
16873;63
16973;186
17016;218
17358;242
17909;269
18068;203
18831;18
19172;260
20893;32
20938;186
21002;36
21489;183
22473;97
22474;128
23174;232
23448;31
23483;156
23699;19
23702;254
24101;130
24204;36
24283;149
24842;38
24878;117
25026;242
25629;31
25631;156
26085;120
26203;112
26622;266
26680;107
26687;19
26900;93
28265;191
28660;156
29945;183
30011;260
30621;128
31988;31
32560;93
34170;87
35465;29
35719;48
36156;272
36170;116
37775;95
38346;251
38350;111
38384;18
38767;48
39504;186
39689;178
39749;70
40462;282
41144;93
41236;25
41499;112
41931;40
42081;76
42746;87
43512;101
43563;128
43580;56
43958;160
44037;29
44862;20
45057;16
45279;18
45377;251
46440;179
46860;48
47126;168
47289;15
48611;244
48982;232
49239;179
49629;38
49946;212
50179;227
50654;64
50979;183
52206;67
53070;198
53262;51
53358;15
53930;260
53986;19
54249;249
54568;200
55499;120
56027;72
56074;5
56509;260
57035;228
57873;80
58849;80
58925;117
59581;178
60255;123
61043;9
62359;207
64061;215
65171;40
65330;182
65766;105
65796;235
66239;187
66316;126
66847;36
66907;197
67079;61
67589;23
67610;25
67651;203
67697;213
67846;133
68331;223
68695;38
68697;93
68779;31
69580;182
69807;112
70480;48
70539;24
70835;84
71875;220
72742;48
72884;33
73036;105
73811;142
74642;266
75197;80
75200;204
75374;112
75531;117
75649;260
75725;94
76696;112
76899;179
77789;19
77804;60
77809;78
77858;124
78297;178
78721;184
78954;93
80340;107
87909;70
89075;75
91010;94
91032;31
91179;128
91507;260
91540;156
91739;109
91862;107
94426;121
94428;212
94465;40
94924;98
95123;186
96024;157
96034;53
97641;117
98312;9
99323;220
99594;23
100167;212
100574;242
100715;111
100990;156
100991;31
101498;10
101499;190
101520;180
101775;20
102090;1
102983;64
103058;8
103916;53
105355;51
106892;186
106904;112
107716;38
107990;93
108111;90
109481;95
109964;48
110084;95
110250;42
110949;267
111036;132
112082;76
113299;214
114826;268
114943;44
115044;142
115679;112
116550;64
116753;42
117271;155
117504;213
118257;189
118847;203
119172;268
120742;21
120925;103
121663;156
122012;144
122995;48
123256;126
123303;40
123463;244
124286;97
124417;272
124450;225
124911;222
125622;179
125629;77
126977;116
128618;9
128855;29
129220;1
129738;55
129794;187
129865;54
130651;278
130831;145
131509;212
132045;221
132046;79
132551;22
132974;246
133804;278
133806;55
135657;2
138295;272
138512;38
138514;263
142275;171
144134;40
144196;222
144233;163
145029;93
147364;76
150429;282
150669;7
150695;112
151669;205
151697;58
152074;23
152687;25
153825;248
156039;179
157279;248
158039;40
158658;179
159634;100
159737;87
160714;128
160722;56
161725;163
163106;216
163304;256
164325;167
164740;246
165584;242
165888;80
167283;141
167810;88
169073;176
170291;133
171195;234
171926;15
172569;278
172620;31
173402;248
174097;186
174159;144
174372;4
175166;116
176314;138
176335;274
177113;269
179927;36
185177;180
185357;9
187424;148
187456;2
187467;234
189480;161
189927;172
190699;177
191515;20
195803;98
196469;168
197806;102
197878;184
197885;205
198191;138
198675;229
198909;180
198963;172
199200;39
201384;282
202329;266
203779;191
203848;212
205370;130
205901;88
206959;223
207383;141
207399;203
208427;16
208463;68
208968;18
209414;162
209792;201
210191;189
210611;230
212154;125
212195;59
212309;233
212349;93
213800;130
214254;77
215633;225
216613;204
216692;177
216700;184
216840;94
216975;228
218565;281
219671;75
220538;87
220932;146
222326;197
222822;164
223054;278
224441;270
225112;23
226811;253
227382;254
227631;244
229680;114
230668;83
232809;12
232845;206
233598;191
235056;244
235191;54
236378;130
239426;118
241802;261
241919;80
242070;225
242428;161
243406;15
244121;204
244294;211
244982;266
247637;181
247998;206
248350;62
248359;21
249601;223
250060;142
250520;244
251919;250
253295;243
255440;187
256099;282
257809;175
257812;124
257814;68
258450;190
258618;275
259758;10
260189;180
260564;203
261291;248
261768;77
261854;191
262174;123
262225;183
263027;119
263032;108
263127;222
264062;33
264593;138
266437;162
267437;187
268516;33
269633;21
269656;172
271943;90
272681;181
272810;123
272947;98
273001;172
273902;195
274281;239
274525;52
276439;162
280138;49
281213;77
281325;181
283643;170
286658;263
290529;240
291291;25
294570;29
294777;15
299279;132
300567;40
301364;62
303846;81
304231;142
304946;80
305903;232
306401;12
307896;133
307902;278
310148;62
310851;231
312433;156
312486;31
313595;9
314131;244
315637;116
316222;192
316310;61
316337;214
316428;259
319154;127
320383;186
321265;161
322302;128
322893;36
323422;1
325870;239
327856;20
328544;163
328616;61
328630;214
328636;102
328862;154
334274;38
334308;93
336020;24
337116;271
337632;55
338039;133
338453;278
340226;213
341801;93
342283;195
342288;59
343623;96
344207;102
344636;281
345255;214
345407;267
345414;179
345942;150
346828;176
349828;181
349946;234
350248;81
351100;229
352728;257
352745;192
356330;136
357096;276
359859;9
359951;138
361878;203
362028;206
364780;31
365525;86
365916;74
366420;234
367353;148
368267;181
372105;8
374896;241
377067;154
377256;56
378777;167
380098;62
380196;179
386060;67
387088;133
388445;59
388647;277
390331;248
390607;20
394443;208
395611;168
395695;83
396432;109
396658;233
396659;137
397548;54
397828;251
405807;218
406048;118
407498;185
408773;14
409656;90
413459;144
413610;132
414266;243
414993;34
417323;25
421700;277
423587;18
424131;172
424291;276
426072;145
427643;2
428996;27
429476;84
429939;133
429995;33
430516;181
433371;190
434193;126
435201;14
438488;38
438773;48
439398;110
443049;282
444046;231
444497;279
444498;226
444799;188
445452;18
446741;40
446883;20
447605;83
449574;116
449631;272
449685;247
450729;75
450898;123
451949;242
452404;9
453495;238
454998;126
455216;215
455321;256
455411;240
456516;5
459331;9
462851;154
462852;24
463991;9
465447;55
474456;90
477514;77
478880;50
480827;239
481218;70
482343;212
482348;121
482896;266
485176;174
485561;121
486650;143
487028;242
488966;64
489061;32
489072;81
492451;266
492766;266
493283;130
493367;266
493983;22
497804;145
497891;141
498337;159
498888;178
501025;227
501518;186
501523;112
504630;25
504682;251
505174;74
505258;232
505380;29
506808;44
508314;70
508486;9
510373;172
519208;31
519852;191
521601;180
522490;215
522855;41
522893;165
524125;68
524814;23
524914;133
527735;32
527905;152
528462;94
528628;68
528648;172
528714;197
531503;29
531732;190
531904;98
534897;25
536141;262
536169;242
536982;266
539542;48
541486;55
543204;246
546848;179
550158;23
550650;31
552072;36
552280;53
552629;10
552645;130
553560;187
553867;244
555331;57
556499;203
556886;168
557675;180
557682;59
557864;18
557991;98
558558;20
559065;156
559368;31
561771;128
563365;239
563507;112
563831;114
564088;16
565700;116
565807;186
566496;246
566594;67
566633;204
566698;5
567233;15
567691;246
567990;133
568433;104
569826;169
574876;33
575198;197
575676;121
577870;4
578166;76
578504;212
578886;214
579434;281
579462;270
580439;179
581654;222
581795;163
582000;93
582372;48
582755;169
583583;165
583588;101
587360;183
587897;145
588547;269
588568;36
589337;269
591063;225
591676;76
591677;142
592142;203
592808;87
592813;70
593927;278
594282;133
595005;32
596072;212
596929;152
598524;29
598537;48
599881;70
600401;112
601025;93
601037;9
601051;48
601988;68
602111;105
603128;212
604347;176
605272;94
607899;15
609066;191
609301;251
610417;226
610625;184
610898;70
613855;247
614515;150
615017;186
615488;97
615554;280
615787;216
616179;208
616912;112
617608;186
621305;59
622172;80
622815;53
625290;176
626054;62
626710;126
626884;189
627407;126
629286;268
629314;225
629836;88
630087;32
630598;141
631313;32
631647;231
634127;204
635965;244
639681;55
640210;111
640374;267
641344;203
641573;66
645969;128
647568;70
647583;165
649822;64
650621;112
650722;186
651024;215
651894;152
652027;93
652531;201
652739;270
652771;281
652937;102
653217;150
655842;172
656160;20
659111;244
659204;76
661302;31
661304;156
665085;94
675557;109
675627;102
677211;156
677877;226
681430;186
686688;83
687119;121
687252;25
687595;226
687661;268
688454;197
688608;126
690391;76
690617;94
693996;221
694002;227
694003;183
694513;116
698335;216
699347;156
700769;186
701366;256
704643;94
704709;94
705263;203
707261;70
707406;186
707630;48
708146;112
708436;253
708993;223
710779;23
710983;179
712358;79
712364;221
712404;130
712652;212
712841;105
713014;203
713336;7
713463;68
713528;22
716215;126
716624;187
718143;204
718222;142
718370;76
718388;80
718965;70
719020;203
719125;40
720327;23
721916;18
722091;112
722707;186
722787;70
726394;116
726613;40
727751;118
728134;146
728597;204
731581;112
732594;259
735736;223
736918;105
737394;263
739717;190
740256;99
740847;116
741154;239
741737;29
742570;156
743046;179
743572;203
747532;130
748230;225
748233;268
748234;233
748561;137
748672;179
748950;179
749251;116
750049;23
751697;228
754072;149
754493;228
757839;77
760091;40
764751;228
765861;187
765970;235
766047;74
773721;74
779832;62
780767;169
780829;197
782114;126
782376;113
782633;66
782887;268
783171;44
783603;188
786880;21
787793;105
791495;92
791552;224
796211;218
805361;97
805465;104
807575;128
807953;21
818917;231
819199;59
835791;105
843761;127
859889;172
869645;266
869659;212
870544;10
871404;123
876370;106
876382;276
882088;222
886689;213
902089;179
915820;216
924694;97
934836;68
935313;14
941929;172
942081;20
943648;62
945085;97
945550;269
953672;212
953753;156
961002;48
961013;87
961325;242
961379;262
962127;266
962191;70
962793;38
963403;178
964582;129
965868;156
965872;31
966050;93
966178;9
966980;62
966990;56
967683;22
967731;254
967856;107
971634;21
972333;152
972764;36
974345;68
974458;223
975980;62
979459;105
980927;142
982841;118
982897;95
983363;243
984295;59
984296;54
985849;116
986752;277
987378;186
987920;112
988015;20
990892;64
996342;187
996505;146
996580;275
996585;172
997886;124
998032;80
998126;179
998414;222
999665;275
1000595;203
1000629;239
1001214;76
1001519;197
1001788;97
1001824;253
1003443;186
1004706;180
1004710;190
1005721;31
1012632;164
1015450;212
1015455;282
1016112;225
1032329;123
1038217;48
1038247;93
1038248;38
1038508;142
1039410;48
1039459;225
1039845;105
1040055;268
1040521;233
1040676;15
