462;1375
1286;2599
1300;2238
1665;212
2495;202
2503;245
2580;517
2838;1821
4936;574
6152;1490
6786;2760
7331;672
7409;898
7412;1697
8921;279
9639;19
10741;545
10931;199
11242;340
11368;1299
11605;2449
11753;1599
12272;62
12301;1008
12594;1799
12662;69
12670;49
13123;199
14249;18
14326;137
15063;44
16076;278
16193;340
16873;8
16977;1613
17197;2799
17241;2887
17852;205
18068;140
18077;42
19172;1284
20938;299
21489;249
22404;5999
22473;169
22474;159
23448;236
23483;218
23702;6770
24279;1499
24283;1399
24878;269
25155;484
25227;10
25629;238
25631;213
26506;1150
26622;44
26687;699
26900;1463
28265;10
29945;253
30605;227
31158;2760
31777;121
31988;226
34170;2399
35465;1992
36156;233
37565;188
37775;29
38255;2099
38346;971
38350;560
38384;1210
38767;2921
39504;319
39639;45
39689;574
40462;285
41279;42
41499;1143
41931;231
42077;478
42081;246
42746;2400
43563;149
43585;54
44037;1972
44119;490
44162;2849
44862;40
45057;349
45279;1207
45377;981
45981;132
46295;75
46582;193
46860;2775
47082;504
47126;25
47289;316
47476;141
48611;675
48982;19
49629;856
50040;316
50301;47
50603;12
50950;289
50979;229
52206;547
52223;75
52805;30
53070;275
53306;2007
53358;313
53930;1392
54568;1179
55230;45
55499;2071
55803;45
56018;322
56027;8
56074;64
57822;199
57873;59
58620;518
59581;699
61033;1949
61043;1799
61667;1662
62264;75
62359;60
62658;81
63204;41
63867;535
64061;80
64248;64
64721;86
64804;7
65072;1329
65094;378
65171;221
65520;195
65796;49
66239;11
66316;491
66717;190
66721;190
66847;1333
67079;18
67697;80
67846;55
67948;272
68781;197
68952;185
69374;2799
69580;249
70443;1362
70843;520
71125;1728
72731;1499
72742;2749
73811;477
74808;11
74972;1999
75197;51
75374;997
75524;1189
75649;1399
75722;258
75725;128
76163;699
76254;54
76685;1679
76855;524
76899;65
76945;29
77798;269
77809;549
78578;72
78721;155
78798;209
78954;1749
80195;1470
80340;445
80867;29
82989;1399
83783;82
85391;2317
85447;9456
86372;8999
86543;17
87909;1999
89342;279
89755;969
91010;112
91862;629
94426;18
94428;135
94465;199
94629;54
94924;56
95547;229
95561;49
96024;15
96034;199
97641;297
99119;72
99323;142
99588;1241
99595;70
99913;19
100129;2849
100574;2599
100990;204
100991;234
101039;11
101499;125
101775;37
101866;64
102090;1349
102983;343
103058;79
105355;27
105641;514
106457;149
106553;267
107716;899
107990;1849
109481;28
110052;16
110181;142
110250;2999
111036;699
111243;549
111525;239
111532;299
112082;231
113299;11
114826;263
114943;241
115520;949
115650;1729
115679;1085
116550;365
116753;2999
117492;64
117504;75
118257;167
118521;1399
118847;144
120742;200
121224;277
121663;219
122012;24
122995;2744
123256;488
123463;640
123992;36
124194;61
124286;170
124450;284
125766;1619
128004;59
128618;1751
128855;1988
129001;256
129220;1249
129738;43
129794;9
130445;8
130651;17
131509;149
132045;165
132046;141
132974;1729
133804;18
133806;51
134791;75
135657;30
135965;39
137719;215
138295;223
139777;1399
140901;365
141207;739
142746;69
142907;132
144134;199
144290;47
145617;44
147193;535
147364;299
148487;40
149664;527
150669;38
150695;979
151676;93
151697;649
152687;75
155553;55
157279;73
159634;31
159737;2327
160722;19
161725;32
162173;61
163106;24
163304;39
164740;1569
165584;2699
165888;59
167175;47
167303;24
167810;33
168995;2016
169073;24
171195;59
171827;138
172620;261
174372;21
175577;121
176727;241
176766;52
182202;36
184217;12
184335;6887
184550;1261
185357;1699
186605;49
186813;28
187456;23
188102;5090
188716;199
189480;20
189927;113
190699;99
190951;1366
191014;62
193210;159
197268;124
197806;35
197885;99
198191;1206
198477;17
198675;34
198963;105
199200;42
200269;10
201384;293
202329;44
203338;475
203550;578
203712;86
203848;168
204735;533
205901;44
206959;1326
207102;59
207383;72
207399;155
208019;48
208148;131
208427;408
208968;1115
209414;89
210611;20
212154;15
212195;43
212309;193
212349;1899
212492;249
215633;262
216549;6
216692;99
216840;103
216975;233
219639;189
220538;2399
220932;135
222326;443
222329;1666
222822;878
224304;20
227113;1199
227692;1201
229484;59
229503;1251
229680;1182
230295;12
230668;135
232809;40
232845;14
233207;124
233221;270
233598;11
235056;727
236378;35
237659;127
240803;356
240950;78
242070;258
242428;34
243406;373
244121;84
244294;2299
247998;11
248350;49
248998;1225
249347;29
249601;1219
250060;529
251919;2128
251967;62
252889;246
253737;28
253825;29
254040;26
255261;191
256099;243
256868;2124
257651;273
257809;129
257814;287
257950;273
258023;44
258727;699
259553;127
259565;45
259758;45
260561;417
261291;88
261768;45
262124;115
262225;281
262292;281
262621;5
263032;10
263788;59
264062;24
264593;1136
264718;223
265709;34
265718;36
265805;277
268516;24
269041;28
269633;168
269656;92
271943;1502
272681;54
272810;52
272947;51
273001;99
273902;205
274281;194
274525;64
274726;36
276439;71
281213;38
283643;200
287443;524
289682;254
289989;458
290529;59
290850;45
291293;50
294157;325
294570;1935
296733;43
297123;129
297887;34
297973;18
304869;59
304942;62
304946;63
305903;19
307896;39
307902;24
310148;50
310851;1179
310961;169
312106;99
312433;238
312486;243
313595;1649
315637;215
316337;20
316428;538
320383;423
323422;1299
323917;9
324528;24
325870;250
328544;33
328558;70
328636;37
328862;15
334274;1029
334542;65
335726;1266
336020;20
337116;46
337245;73
337632;37
338453;20
338970;252
339204;65
340226;144
341801;1399
342283;239
342288;45
342289;65
343623;20
344207;52
345474;11
345687;1037
345942;27
346484;899
346787;1899
349828;60
350248;21
352728;13
352745;66
355685;239
356330;19
357096;59
359859;1585
359951;1344
361878;24
364780;267
365916;17
366420;122
367353;103
367561;343
368267;53
371645;145
374896;58
377067;20
377256;20
377947;53
378615;96
380098;50
381148;58
382489;14
386815;36
387088;43
387569;34
388647;999
390331;77
394443;8
395695;119
396432;20
396658;273
397498;147
397548;31
398418;24
404446;15
405807;42
406045;199
406048;699
407498;30
409656;1319
412016;1497
413459;24
414266;291
415953;50
421700;969
423587;1230
424291;59
425426;2
427643;29
429338;179
429476;220
429939;44
429995;19
433371;111
434193;567
434912;23
434959;190
435201;14
435942;376
437551;232
438486;1899
438488;899
439398;267
441188;19
443049;255
444046;1120
444497;25
444498;30
444799;89
445452;1298
445775;2689
446883;44
447420;199
449154;29
449574;197
449631;200
449685;1709
450008;312
450199;50
450729;8549
450898;59
453495;40
453888;19
454998;473
455216;116
456516;78
457716;56
460562;69
462852;19
465447;49
480764;71
480827;195
482343;143
482348;19
485176;89
486650;165
486688;57
486798;553
488966;371
489061;41
489072;62
490311;495
492604;1039
492766;47
493983;3
495502;35
496595;220
496635;187
498344;648
498888;542
501523;1025
504598;147
504653;27
505258;16
505380;1847
507276;1686
508314;1851
513637;41
514312;206
515366;570
516992;248
519208;253
519852;13
521601;40
522490;71
522855;175
522893;39
524672;198
524819;59
524914;43
526109;1149
527735;19
527905;5266
528714;509
531145;7998
531503;1954
531732;109
531904;49
534897;75
535510;39
536141;7100
536169;2275
539208;2377
539542;2841
541486;38
543204;1695
550650;213
552280;248
552629;43
555331;53
556499;145
557675;36
557864;1199
557991;59
558558;33
559368;252
561115;120
561771;160
563365;236
563507;997
564602;328
567691;1629
568433;206
568460;57
569154;349
570654;32
571225;102
572112;6
575198;482
575510;20
575676;16
577468;296
577870;13
578166;320
578504;132
578886;20
579434;29
579483;16
580001;215
580321;9
580511;32
581654;263
581795;30
582372;2890
582421;212
582448;690
582899;75
583583;44
583588;30
584285;89
587360;261
587897;227
588568;1539
589337;18
591063;274
591676;319
592142;127
592203;186
592813;1749
593927;22
595005;27
596072;151
596116;142
596321;16
596929;4939
598306;253
598524;1899
599881;2199
600401;919
601025;1699
603128;148
604347;10
605090;150
607357;470
608444;521
609066;13
609301;1026
610417;59
610625;135
614515;40
615017;373
615554;48
615787;41
617112;53
621703;39
625290;22
625970;482
626054;49
626696;39
626884;207
627407;496
629314;231
630087;27
630510;129
630598;71
631313;26
631647;912
633946;210
635965;667
639697;8
640374;14
641573;11
645967;147
647568;1818
650722;305
651894;5578
651901;2139
652531;39
652937;37
653205;50
655842;101
655858;487
656160;37
658602;258
659111;761
659204;382
661304;202
663252;144
664774;141
665085;118
667282;168
671808;234
672952;29
675771;19
677207;249
681430;318
683562;29
686688;115
687119;23
687252;80
687394;2
687595;46
688454;540
688532;19
688618;66
689880;44
690103;43
690391;301
690393;471
690617;102
693990;166
694003;235
694276;37
694513;201
694575;368
696035;13
698335;29
699347;214
700769;444
703466;199
704122;204
705263;133
707261;1891
707406;305
707508;41
707862;317
710283;154
710562;27
710983;63
711861;181
712364;177
712404;24
712652;136
712841;59
713014;128
713336;39
713463;206
714994;1665
715825;41
716624;8
716710;500
716878;41
717594;323
718370;331
718965;1818
718981;37
719020;128
719125;217
720327;50
721916;1236
722091;919
722707;305
722787;1818
722803;37
722962;1616
723015;1675
723264;160
723270;178
726394;192
726613;209
728134;111
728615;460
728617;318
728854;79
728941;59
732594;458
732690;50
735736;1195
736918;70
738282;208
738328;49
739310;1149
739717;109
740256;35
740265;240
742570;213
743309;26
743572;145
744250;205
744423;225
745312;1239
748230;264
748233;275
748672;71
750068;65
750961;229
753639;29
753644;7
754493;248
754758;220
755540;42
760257;61
763245;153
764751;278
765861;9
766047;12
773721;19
780767;450
780829;651
782376;1356
782633;13
783141;208
783171;220
783603;99
784435;102
787793;62
789301;154
791495;12
791550;60
791556;28
796211;52
804975;643
807953;173
819199;34
830674;484
830675;876
834976;40
834979;40
835813;37
838574;5722
840771;252
842627;2182
859889;109
869645;43
870544;38
871401;38
871404;54
886689;63
902089;62
915820;37
934836;214
935313;12
943648;43
945085;179
945550;22
953670;37
953750;214
953766;40
961002;2776
961013;2252
961325;2355
961379;7125
963403;548
965867;226
965872;255
966027;2649
966178;1395
966980;49
966990;59
967683;9
967856;440
967889;699
968417;1729
969368;242
969503;6999
972333;5578
972764;1341
974345;228
975980;40
979459;62
980170;1639
980927;478
983363;376
984295;45
984296;34
985849;201
987378;349
988015;35
990386;42
990892;349
996256;337
996505;121
997886;338
997888;461
998032;66
998126;77
998375;9
998414;290
998435;156
1000316;278
1000503;65
1000899;76
1001792;130
1003443;378
1004706;41
1004710;109
1005721;238
1012632;762
1014876;227
1015450;242
1015915;526
1016112;266
1032676;53
1038084;1320
1038217;2575
1038248;780
1038508;631
1038509;437
1038603;2322
1039632;265
1039649;2165
1039845;94
1040520;296
1040676;447
1041258;615
