462;36
1286;48
1300;87
1665;156
2495;116
2503;182
2580;178
2838;93
4936;178
6152;9
6786;48
7331;67
7409;38
7412;9
8921;186
9639;33
10741;178
10931;21
11242;183
11368;260
11605;87
11753;9
12272;204
12301;112
12594;120
12662;25
12670;179
13123;53
14249;176
14326;184
15063;266
16076;222
16193;76
16873;63
16977;246
17197;242
17241;48
17852;116
18068;203
18077;273
19172;260
20938;186
21489;183
22404;152
22473;97
22474;128
23448;31
23483;156
23702;254
24279;260
24283;149
24878;117
25155;69
25227;191
25629;31
25631;156
26506;18
26622;266
26687;19
26900;93
28265;191
29945;183
30605;31
31158;48
31777;249
31988;31
34170;87
35465;29
36156;272
37565;249
37775;95
38255;247
38346;251
38350;111
38384;18
38767;48
39504;186
39639;218
39689;178
40462;282
41279;263
41499;112
41931;40
42077;142
42081;76
42746;87
43563;128
43585;62
44037;29
44119;178
44162;48
44862;20
45057;16
45279;18
45377;251
45981;83
46295;105
46582;137
46860;48
47082;178
47126;168
47289;15
47476;127
48611;244
48982;232
49629;38
50040;64
50301;80
50603;206
50950;186
50979;183
52206;67
52223;179
52805;161
53070;198
53306;211
53358;15
53930;260
54568;200
55230;33
55499;120
55803;266
56018;183
56027;72
56074;5
57822;53
57873;80
58620;197
59581;178
61033;93
61043;9
61667;93
62264;162
62359;207
62658;80
63204;20
63867;197
64061;215
64248;25
64721;105
64804;144
65072;93
65094;186
65171;40
65520;40
65796;235
66239;187
66316;126
66717;233
66721;137
66847;36
67079;61
67697;213
67846;133
67948;225
68781;156
68952;227
69374;242
69580;182
70443;9
70843;142
71125;9
72731;93
72742;48
73811;142
74808;4
74972;29
75197;80
75374;112
75524;200
75649;260
75722;228
75725;94
76163;19
76254;270
76685;246
76855;126
76899;179
76945;33
77798;117
77809;78
78578;248
78721;184
78798;40
78954;93
80195;260
80340;107
80867;95
82989;171
83783;245
85391;242
85447;262
86372;75
86543;187
87909;70
89342;145
89755;38
91010;94
91862;107
94426;121
94428;212
94465;40
94629;123
94924;98
95547;53
95561;226
96024;157
96034;53
97641;117
99119;62
99323;220
99588;114
99595;25
99913;34
100129;48
100574;242
100990;156
100991;31
101039;224
101499;190
101775;20
101866;23
102090;1
102983;64
103058;8
105355;51
105641;197
106457;127
106553;222
107716;38
107990;93
109481;95
110052;4
110181;146
110250;42
111036;132
111243;78
111525;227
111532;183
112082;76
113299;214
114826;268
114943;44
115520;200
115650;246
115679;112
116550;64
116753;42
117492;179
117504;213
118257;189
118521;171
118847;203
120742;21
121224;76
121663;156
122012;144
122995;48
123256;126
123463;244
123992;165
124194;213
124286;97
124450;225
125766;9
128004;129
128618;9
128855;29
129001;76
129220;1
129738;55
129794;187
130445;191
130651;278
131509;212
132045;221
132046;79
132974;246
133804;278
133806;55
134791;215
135657;2
135965;80
137719;40
138295;272
139777;149
140901;76
141207;178
142746;8
142907;212
144134;40
144290;80
145617;133
147193;142
147364;76
148487;55
149664;142
150669;7
150695;112
151676;220
151697;58
152687;25
155553;105
157279;248
159634;100
159737;87
160722;56
161725;163
162173;105
163106;216
163304;256
164740;246
165584;242
165888;80
167175;80
167303;201
167810;88
168995;247
169073;176
171195;234
171827;184
172620;31
174372;4
175577;203
176727;116
176766;55
182202;216
184217;208
184335;254
184550;171
185357;9
186605;280
186813;216
187456;2
188102;152
188716;116
189480;161
189927;172
190699;177
190951;90
191014;123
193210;127
197268;172
197806;102
197885;205
198191;138
198477;278
198675;229
198963;172
199200;39
200269;265
201384;282
202329;266
203338;16
203550;111
203712;248
203848;212
204735;259
205901;88
206959;223
207102;80
207383;141
207399;203
208019;245
208148;94
208427;16
208968;18
209414;162
210611;230
212154;125
212195;59
212309;233
212349;93
212492;182
215633;225
216549;22
216692;177
216840;94
216975;228
219639;158
220538;87
220932;146
222326;197
222329;82
222822;164
224304;201
227113;18
227692;18
229484;80
229503;277
229680;114
230295;199
230668;83
232809;12
232845;206
233207;84
233221;268
233598;191
235056;244
236378;130
237659;94
240803;135
240950;213
242070;225
242428;161
243406;15
244121;204
244294;211
247998;206
248350;62
248998;90
249347;7
249601;223
250060;142
251919;250
251967;177
252889;233
253737;130
253825;263
254040;95
255261;116
256099;282
256868;250
257651;233
257809;175
257814;68
257950;137
258023;273
258727;178
259553;172
259565;20
259758;10
260561;16
261291;248
261768;77
262124;172
262225;183
262292;41
262621;22
263032;108
263788;207
264062;33
264593;138
264718;143
265709;10
265718;180
265805;222
268516;33
269041;157
269633;21
269656;172
271943;90
272681;181
272810;123
272947;98
273001;172
273902;195
274281;239
274525;52
274726;20
276439;162
281213;77
283643;170
287443;142
289682;268
289989;142
290529;240
290850;133
291293;23
294157;15
294570;29
296733;62
297123;83
297887;279
297973;125
304869;80
304942;181
304946;80
305903;232
307896;133
307902;278
310148;62
310851;231
310961;97
312106;97
312433;156
312486;31
313595;9
315637;116
316337;214
316428;259
320383;186
323422;1
323917;108
324528;229
325870;239
328544;163
328558;241
328636;102
328862;154
334274;38
334542;88
335726;114
336020;24
337116;271
337245;25
337632;55
338453;278
338970;76
339204;213
340226;213
341801;93
342283;195
342288;59
342289;85
343623;96
344207;102
345474;208
345687;112
345942;150
346484;38
346787;93
349828;181
350248;81
352728;257
352745;192
355685;31
356330;136
357096;276
359859;9
359951;138
361878;203
364780;31
365916;74
366420;234
367353;148
367561;15
368267;181
371645;127
374896;241
377067;154
377256;56
377947;129
378615;52
380098;62
381148;10
382489;214
386815;133
387088;133
387569;20
388647;277
390331;248
394443;208
395695;83
396432;109
396658;233
397498;146
397548;54
398418;230
404446;34
405807;218
406045;53
406048;118
407498;185
409656;90
412016;223
413459;144
414266;243
415953;273
421700;277
423587;18
424291;276
425426;187
427643;2
429338;167
429476;84
429939;133
429995;33
433371;190
434193;126
434912;56
434959;272
435201;14
435942;124
437551;239
438486;93
438488;38
439398;110
441188;56
443049;282
444046;231
444497;279
444498;226
444799;188
445452;18
445775;242
446883;20
447420;170
449154;229
449574;116
449631;272
449685;247
450008;15
450199;23
450729;75
450898;123
453495;238
453888;253
454998;126
455216;215
456516;5
457716;179
460562;23
462852;24
465447;55
480764;25
480827;239
482343;212
482348;121
485176;174
486650;143
486688;188
486798;15
488966;64
489061;32
489072;81
490311;178
492604;18
492766;266
493983;22
495502;20
496595;21
496635;97
498344;67
498888;178
501523;112
504598;104
504653;7
505258;232
505380;29
507276;93
508314;70
513637;235
514312;145
515366;178
516992;182
519208;31
519852;191
521601;180
522490;215
522855;41
522893;165
524672;137
524819;179
524914;133
526109;112
527735;32
527905;152
528714;197
531145;75
531503;29
531732;190
531904;98
534897;25
535510;165
536141;262
536169;242
539208;242
539542;48
541486;55
543204;246
550650;31
552280;53
552629;10
555331;57
556499;203
557675;180
557864;18
557991;98
558558;20
559368;31
561115;172
561771;128
563365;239
563507;112
564602;64
567691;246
568433;104
568460;179
569154;64
570654;54
571225;172
572112;187
575198;197
575510;121
575676;121
577468;225
577870;4
578166;76
578504;212
578886;214
579434;281
579483;14
580001;40
580321;63
580511;61
581654;222
581795;163
582372;48
582421;40
582448;244
582899;241
583583;165
583588;101
584285;174
587360;183
587897;145
588568;36
589337;269
591063;225
591676;76
592142;203
592203;227
592813;70
593927;278
595005;32
596072;212
596116;203
596321;74
596929;152
598306;225
598524;29
599881;70
600401;112
601025;93
603128;212
604347;176
605090;212
607357;142
608444;126
609066;191
609301;251
610417;226
610625;184
614515;150
615017;186
615554;280
615787;216
617112;129
621703;180
625290;176
625970;197
626054;62
626696;226
626884;189
627407;126
629314;225
630087;32
630510;146
630598;141
631313;32
631647;231
633946;40
635965;244
639697;187
640374;267
641573;66
645967;97
647568;70
650722;186
651894;152
651901;211
652531;201
652937;102
653205;115
655842;172
655858;142
656160;20
658602;137
659111;244
659204;76
661304;156
663252;97
664774;203
665085;94
667282;79
671808;40
672952;279
675771;56
677207;31
681430;186
683562;130
686688;83
687119;121
687252;25
687394;22
687595;226
688454;197
688532;14
688618;179
689880;266
690103;133
690391;76
690393;142
690617;94
693990;79
694003;183
694276;134
694513;116
694575;76
696035;136
698335;216
699347;156
700769;186
703466;239
704122;195
705263;203
707261;70
707406;186
707508;133
707862;186
710283;104
710562;101
710983;179
711861;21
712364;221
712404;130
712652;212
712841;105
713014;203
713336;7
713463;68
714994;9
715825;266
716624;187
716710;126
716878;133
717594;64
718370;76
718965;70
718981;165
719020;203
719125;40
720327;23
721916;18
722091;112
722707;186
722787;70
722803;165
722962;93
723015;9
723264;79
723270;221
726394;116
726613;40
728134;146
728615;142
728617;76
728854;248
728941;80
732594;259
732690;181
735736;223
736918;105
738282;40
738328;163
739310;223
739717;190
740256;99
740265;268
742570;156
743309;130
743572;203
744250;156
744423;233
745312;114
748230;225
748233;268
748672;179
750068;25
750961;31
753639;192
753644;208
754493;228
754758;31
755540;55
760257;23
763245;50
764751;228
765861;187
766047;74
773721;74
780767;169
780829;197
782376;113
782633;66
783141;104
783171;44
783603;188
784435;190
787793;105
789301;97
791495;92
791550;270
791556;66
796211;218
804975;67
807953;21
819199;59
830674;69
830675;164
834976;20
834979;10
835813;180
838574;152
840771;110
842627;87
859889;172
869645;266
870544;10
871401;20
871404;123
886689;213
902089;179
915820;216
934836;68
935313;14
943648;62
945085;97
945550;269
953670;55
953750;31
953766;133
961002;48
961013;87
961325;242
961379;262
963403;178
965867;272
965872;31
966027;48
966178;9
966980;62
966990;56
967683;22
967856;107
967889;78
968417;246
969368;50
969503;262
972333;152
972764;36
974345;68
975980;62
979459;105
980170;93
980927;142
983363;243
984295;59
984296;54
985849;116
987378;186
988015;20
990386;20
990892;64
996256;15
996505;146
997886;124
997888;259
998032;80
998126;179
998375;191
998414;222
998435;220
1000316;268
1000503;213
1000899;25
1001792;128
1003443;186
1004706;180
1004710;190
1005721;31
1012632;164
1014876;156
1015450;212
1015915;126
1016112;225
1032676;98
1038084;9
1038217;48
1038248;38
1038508;142
1038509;76
1038603;29
1039632;156
1039649;93
1039845;105
1040520;137
1040676;15
1041258;197
