116;9
462;36
1290;9
4376;9
6127;112
6272;223
6786;48
7331;67
7409;38
7917;9
8967;191
10741;178
10770;191
10930;170
11056;145
11605;87
11753;9
11936;112
12594;120
12670;179
13123;53
13451;107
14130;212
15063;266
15532;145
15883;93
16193;76
16973;186
16977;246
17197;242
17241;48
18068;203
18077;273
18157;260
18831;18
19058;32
19064;81
20701;212
21002;36
21414;31
21428;112
21489;183
21897;179
23448;31
23483;156
23699;19
24101;130
24204;36
24279;260
24842;38
25026;242
25155;69
25227;191
25429;211
25629;31
26079;36
26203;112
26506;18
26622;266
26680;107
26900;93
27888;246
28660;156
30011;260
30605;31
30979;246
31158;48
31988;31
34794;133
36170;116
37565;249
37775;95
38384;18
39639;218
39689;178
39749;70
39769;72
41144;93
41236;25
41279;263
41499;112
41931;40
42077;142
42081;76
42269;212
42746;87
43451;244
43512;101
43563;128
43580;56
43585;62
43958;160
44119;178
44162;48
45057;16
45279;18
45377;251
46440;179
47082;178
47126;168
48490;118
48611;244
48982;232
49629;38
49946;212
50040;64
50597;36
50654;64
50979;183
52206;67
52223;179
52805;161
52883;269
53070;198
53306;211
54249;249
54568;200
54750;53
55230;33
55499;120
56018;183
56509;260
56897;112
57822;53
57873;80
58620;197
58849;80
59581;178
60255;123
60295;19
60652;250
61033;93
61043;9
61667;93
62264;162
63242;127
64061;215
64248;25
64721;105
64804;144
65094;186
65171;40
65330;182
65520;40
65706;200
65766;105
65796;235
66239;187
66717;233
66907;197
67589;23
67610;25
67651;203
67697;213
68331;223
68697;93
68781;156
70480;48
70539;24
70835;84
70843;142
72731;93
72884;33
73036;105
73811;142
74808;4
75374;112
75531;117
75649;260
75725;94
76163;19
76685;246
76899;179
77789;19
77798;117
77858;124
78297;178
78798;40
78954;93
80867;95
81290;87
82989;171
83783;245
85391;242
85447;262
87079;179
87909;70
88359;67
89148;16
89753;93
91032;31
91540;156
94465;40
94629;123
94924;98
95547;53
95561;226
95643;121
96034;53
98016;23
98124;141
98411;20
98434;172
99115;129
99323;220
99913;34
100167;212
100627;95
100990;156
100991;31
101039;224
101775;20
102090;1
102663;38
102983;64
103058;8
103916;53
105355;51
105641;197
106457;127
106750;48
106892;186
107716;38
107990;93
108111;90
109864;187
109964;48
110181;146
110250;42
110949;267
111036;132
111243;78
111532;183
113299;214
113813;235
114943;44
115520;200
115679;112
116753;42
118521;171
118847;203
120742;21
121663;156
123303;40
123463;244
123943;146
123992;165
124194;213
124286;97
125622;179
125629;77
128004;129
128618;9
128855;29
129001;76
129220;1
129794;187
130445;191
130807;178
131509;212
132551;22
133804;278
135161;4
135623;156
137719;40
138295;272
138514;263
139777;149
141207;178
142075;116
142275;171
142746;8
144134;40
144196;222
144233;163
144290;80
144482;49
144487;9
145617;133
147364;76
148487;55
149664;142
150669;7
151676;220
151697;58
152074;23
152687;25
153825;248
155916;215
156039;179
158039;40
158389;25
158658;179
159634;100
161725;163
164325;167
164740;246
165584;242
165809;213
167175;80
167283;141
169073;176
170291;133
171926;15
172569;278
173153;231
173402;248
173574;120
175166;116
175403;187
176314;138
176335;274
177113;269
185177;180
185348;48
185357;9
186813;216
187456;2
187467;234
188102;152
188716;116
189480;161
190699;177
191014;123
192282;80
193210;127
196469;168
197268;172
197885;205
198191;138
198477;278
198909;180
200269;265
201384;282
202225;48
202329;266
203338;16
203712;248
205370;130
205901;88
206816;42
206959;223
207046;253
207102;80
207364;220
207383;141
207399;203
208019;245
208427;16
208463;68
209414;162
209792;201
210191;189
212154;125
212309;233
212349;93
212492;182
212708;107
214254;77
215363;268
215633;225
216549;22
216613;204
216700;184
216840;94
218565;281
219639;158
219671;75
219975;255
220538;87
220932;146
222326;197
222329;82
222822;164
223807;126
224304;201
224441;270
225937;203
226811;253
227256;25
227382;254
227631;244
227692;18
229484;80
229680;114
230295;199
230566;71
231417;230
232809;12
232845;206
233221;268
233598;191
233705;104
233807;51
234964;18
235056;244
236378;130
237009;77
239426;118
240950;213
241802;261
241919;80
242070;225
242218;258
243062;152
243406;15
244294;211
244297;70
247637;181
248359;21
248998;90
249601;223
249768;79
250060;142
250520;244
252889;233
253295;243
253788;72
253825;263
254040;95
255261;116
256099;282
256868;250
257651;233
257809;175
257812;124
257814;68
257950;137
258023;273
258450;190
259565;20
259751;266
259766;98
260561;16
261854;191
262225;183
262292;41
263027;119
263127;222
264062;33
264718;143
265718;180
265805;222
268516;33
269041;157
269633;21
269656;172
273156;59
273452;72
273902;195
274281;239
274525;52
274726;20
276439;162
280138;49
281213;77
281325;181
282542;68
283643;170
287443;142
289682;268
290529;240
290850;133
294777;15
297123;83
297714;18
297887;279
299279;132
300567;40
301364;62
303846;81
304231;142
304946;80
307896;133
307902;278
308456;145
310148;62
310851;231
310961;97
312106;97
314131;244
316337;214
316428;259
319154;127
321265;161
322302;128
322893;36
323422;1
324528;229
325869;54
328544;163
328558;241
328862;154
333524;133
334274;38
334308;93
334542;88
335726;114
336020;24
337116;271
337245;25
337632;55
338039;133
338453;278
339204;213
340226;213
341736;39
341801;93
342283;195
343623;96
343669;14
344633;61
345255;214
345407;267
345477;63
345687;112
346828;176
349828;181
349946;234
350248;81
351100;229
352728;257
352745;192
355685;31
356330;136
357096;276
359859;9
359951;138
361878;203
362028;206
363888;202
364185;180
364302;197
364780;31
365357;156
365916;74
366420;234
367561;15
371645;127
374896;241
375046;272
377256;56
377947;129
380196;179
381148;10
382489;214
386008;180
386060;67
387088;133
388647;277
390331;248
390607;20
395611;168
395695;83
396659;137
397498;146
397548;54
397553;275
397828;251
406045;53
407498;185
409656;90
412016;223
412194;110
413610;132
414266;243
421199;112
422704;28
422917;165
424494;150
425426;187
427092;120
427643;2
429338;167
429476;84
429939;133
429995;33
430516;181
433371;190
434193;126
434912;56
437545;59
437551;239
438486;93
438773;48
439398;110
441188;56
444498;226
446741;40
446883;20
447420;170
447605;83
449574;116
449631;272
449685;247
450008;15
450199;23
450787;269
452404;9
453299;194
454843;16
454998;126
455321;256
456516;5
459331;9
460562;23
462851;154
462852;24
463855;270
468522;166
472025;219
475385;55
480764;25
480827;239
481218;70
482343;212
482896;266
485561;121
486650;143
486688;188
486798;15
486882;230
487028;242
488966;64
489061;32
489072;81
490311;178
492604;18
492766;266
493983;22
495502;20
495606;280
496595;21
497804;145
497891;141
498337;159
504417;76
504630;25
504682;251
505258;232
506808;44
507276;93
514312;145
515366;178
519208;31
519852;191
522490;215
524288;70
524672;137
527735;32
528462;94
528648;172
531027;184
531503;29
531648;10
532736;18
535510;165
535634;80
536141;262
536251;233
539542;48
543204;246
546848;179
549132;190
550158;23
550650;31
551336;70
552072;36
552280;53
553560;187
553867;244
555331;57
556499;203
556886;168
557675;180
557682;59
557864;18
559368;31
561115;172
561771;128
563365;239
564602;64
565700;116
566496;246
566594;67
566698;5
567233;15
567990;133
568433;104
568460;179
569154;64
570654;54
570736;239
571225;172
572112;187
574876;33
575198;197
577468;225
577870;4
578166;76
578886;214
579462;270
579483;14
580001;40
580321;63
581795;163
582000;93
582421;40
582448;244
582755;169
583588;101
587360;183
587855;212
587897;145
588547;269
588568;36
589083;266
589337;269
591063;225
592142;203
592203;227
594802;172
596072;212
596116;203
596225;80
596929;152
598306;225
598524;29
598537;48
599881;70
600401;112
601025;93
601037;9
601051;48
601988;68
602111;105
604347;176
605272;94
607899;15
608444;126
610625;184
610898;70
613855;247
614515;150
615017;186
615488;97
615554;280
615787;216
616912;112
617112;129
617608;186
621305;59
621703;180
621864;256
623745;197
625970;197
626054;62
626710;126
626884;189
626952;7
629286;268
629314;225
630051;44
630544;102
631313;32
634127;204
639697;187
639862;235
640210;111
640374;267
641344;203
641573;66
645967;97
645969;128
647568;70
647583;165
649822;64
650621;112
651901;211
652027;93
652531;201
653205;115
653217;150
655842;172
655858;142
656160;20
659204;76
661304;156
663340;21
665085;94
667214;94
672952;279
675627;102
677207;31
677211;156
677871;279
677877;226
686688;83
687119;121
687394;22
687661;268
688454;197
688532;14
688618;179
690103;133
690393;142
690617;94
693996;221
694002;227
694513;116
694575;76
695280;176
696035;136
699347;156
701366;256
703466;239
704709;94
707261;70
707406;186
707508;133
707630;48
707862;186
708146;112
708436;253
710283;104
710562;101
712364;221
712404;130
712570;22
712841;105
713014;203
713336;7
713463;68
713528;22
716215;126
716624;187
716878;133
718143;204
718222;142
718370;76
718388;80
718556;48
718965;70
719125;40
720351;25
721916;18
722787;70
722803;165
723015;9
723270;221
725519;64
727917;80
728134;146
728597;204
728615;142
728617;76
728854;248
732594;259
732690;181
735684;126
737394;263
738282;40
738328;163
739310;223
739717;190
740256;99
740847;116
741154;239
741737;29
742570;156
743046;179
743309;130
744250;156
744426;137
745312;114
748561;137
748950;179
749251;116
750068;25
750961;31
751697;228
752461;18
753911;99
753926;268
754072;149
755540;55
760257;23
762626;212
763245;50
764751;228
765861;187
765970;235
766047;74
766401;218
773790;202
779832;62
780767;169
780829;197
782376;113
782402;228
782633;66
782887;268
782929;99
783141;104
786880;21
787793;105
789384;56
791550;270
791552;224
791556;66
799491;196
805361;97
805465;104
807575;128
807953;21
834979;10
835791;105
842627;87
843761;127
859889;172
869645;266
871404;123
902089;179
934836;68
935313;14
942081;20
943648;62
945085;97
948795;40
953670;55
953753;156
961013;87
961018;70
961325;242
962051;49
962793;38
965867;272
965868;156
966027;48
966050;93
966204;75
966980;62
966990;56
967731;254
967856;107
967889;78
968417;246
968476;112
969503;262
969550;75
971634;21
972333;152
975980;62
979459;105
982897;95
983363;243
984296;54
985849;116
985979;56
986752;277
987920;112
996256;15
996342;187
996580;275
996585;172
997886;124
997888;259
998032;80
998126;179
998414;222
998435;220
999665;275
1000503;213
1000595;203
1000629;239
1000899;25
1000956;90
1001519;197
1001788;97
1001792;128
1003443;186
1004710;190
1005721;31
1012632;164
1014876;156
1015915;126
1016112;225
1032329;123
1034604;172
1038084;9
1038248;38
1038483;25
1038509;76
1039410;48
1039845;105
1040055;268
1040520;137
1040521;233
1040676;15
1041258;197
