462;36
1286;48
1290;9
1300;87
2485;156
2495;116
4376;9
4936;178
5226;70
6127;112
6272;223
7331;67
7409;38
7917;9
8745;211
8921;186
8941;249
8967;191
10082;118
10420;225
10741;178
10770;191
10930;170
11350;120
11605;87
12304;186
12662;25
12680;55
13078;9
13123;53
13451;107
14130;212
14326;184
15014;146
15532;145
15625;236
15883;93
16193;76
16873;63
17016;218
17241;48
17358;242
17909;269
18077;273
18831;18
19058;32
19064;81
19172;260
20893;32
20938;186
21002;36
21414;31
21428;112
21489;183
22404;152
22473;97
23699;19
24101;130
24204;36
24279;260
24283;149
24842;38
25026;242
25155;69
25227;191
26085;120
26156;242
26203;112
26622;266
26687;19
28265;191
28660;156
29945;183
30621;128
30979;246
32560;93
34170;87
34326;28
34794;133
35465;29
36156;272
36244;184
38255;247
38346;251
38350;111
38384;18
38767;48
39504;186
39769;72
40238;53
41499;112
41931;40
42077;142
42081;76
42269;212
42746;87
43512;101
43563;128
44119;178
44862;20
45057;16
45279;18
46440;179
47082;178
47289;15
47476;127
48982;232
49239;179
49629;38
49946;212
50040;64
50179;227
50597;36
50603;206
50654;64
50950;186
51474;181
52206;67
52223;179
52883;269
53306;211
53358;15
53930;260
53986;19
54249;249
54568;200
54750;53
55230;33
55499;120
56018;183
56020;227
56027;72
56897;112
57035;228
57822;53
57873;80
58849;80
58925;117
59581;178
60255;123
60295;19
60652;250
61042;48
61043;9
62264;162
63204;20
63242;127
64061;215
64804;144
65171;40
65330;182
65520;40
65766;105
66847;36
66907;197
67589;23
67610;25
67651;203
67695;181
67697;213
67948;225
68478;93
68779;31
68952;227
69374;242
69580;182
70443;9
70480;48
71875;220
72731;93
72742;48
72884;33
73036;105
73811;142
73820;76
74808;4
75374;112
75524;200
75531;117
75649;260
76685;246
76899;179
76945;33
77798;117
77858;124
78297;178
78721;184
80195;260
80867;95
81290;87
85391;242
86372;75
86543;187
87079;179
87909;70
89148;16
89342;145
89753;93
89755;38
91010;94
91032;31
91179;128
91507;260
91739;109
91862;107
94426;121
94428;212
94465;40
94629;123
94924;98
95547;53
96024;157
96034;53
97641;117
98016;23
98124;141
98411;20
98434;172
99115;129
99594;23
100129;48
100167;212
100574;242
100627;95
100990;156
100991;31
101039;224
101498;10
101775;20
102090;1
102663;38
102983;64
105355;51
105641;197
106553;222
106904;112
107716;38
107990;93
109481;95
109864;187
110084;95
110949;267
111036;132
111050;262
111243;78
111525;227
111532;183
115520;200
115650;246
115679;112
116753;42
118257;189
118521;171
120742;21
122995;48
123256;126
123303;40
123463;244
123943;146
123992;165
124194;213
124286;97
124417;272
124450;225
124911;222
125622;179
125629;77
125766;9
126977;116
128618;9
128855;29
129001;76
129220;1
129738;55
129794;187
130651;278
130831;145
131509;212
132551;22
132974;246
133804;278
133806;55
134791;215
135623;156
135657;2
135965;80
137719;40
138400;126
138512;38
138514;263
140901;76
140994;115
141207;178
142275;171
142746;8
142907;212
144233;163
144482;49
145029;93
145409;114
147136;117
147193;142
147364;76
148487;55
150429;282
150669;7
150695;112
151669;205
151676;220
151697;58
152074;23
153825;248
155916;215
156039;179
157279;248
158389;25
159634;100
159737;87
163106;216
164325;167
164740;246
165888;80
167175;80
167283;141
167303;201
167810;88
169073;176
171195;234
171827;184
172620;31
173153;231
173402;248
174159;144
174372;4
176314;138
176335;274
176727;116
176766;55
179927;36
182202;216
185177;180
185348;48
186605;280
186813;216
187456;2
187467;234
188716;116
189480;161
189927;172
190951;90
191014;123
191515;20
192282;80
194658;4
195803;98
196469;168
197878;184
197885;205
198191;138
198477;278
198675;229
198909;180
198963;172
201384;282
202225;48
203338;16
203712;248
204735;259
206816;42
207364;220
207383;141
207399;203
208427;16
208463;68
208968;18
209414;162
209792;201
210611;230
210960;197
212195;59
212349;93
212492;182
214254;77
215363;268
216549;22
216700;184
216840;94
216975;228
219639;158
219671;75
220265;126
220932;146
222329;82
222822;164
223742;34
223807;126
224304;201
224441;270
225937;203
226811;253
227113;18
227256;25
227382;254
227692;18
229484;80
229503;277
229680;114
231417;230
232809;12
232845;206
233207;84
233705;104
234368;258
235191;54
237009;77
237659;94
240803;135
242070;225
242218;258
242428;161
242448;127
243062;152
243406;15
244982;266
247637;181
248350;62
249347;7
249768;79
250060;142
250281;56
251967;177
252889;233
253737;130
253788;72
253793;41
253825;263
254040;95
256099;282
256868;250
257812;124
257950;137
258450;190
258618;275
258727;178
259553;172
259561;57
259751;266
260189;180
260561;16
261291;248
261768;77
262124;172
262174;123
262292;41
262621;22
263027;119
263032;108
263788;207
264062;33
264593;138
266437;162
267437;187
268516;33
269041;157
271943;90
272681;181
272810;123
272947;98
273001;172
273156;59
273452;72
273902;195
274281;239
274525;52
274726;20
281325;181
282542;68
285523;223
286658;263
289989;142
290529;240
290850;133
291291;25
291293;23
294157;15
294570;29
297887;279
300567;40
301364;62
303846;81
304869;80
304942;181
304946;80
306401;12
307902;278
308466;178
310851;231
310961;97
311978;142
312106;97
312486;31
314131;244
315637;116
316310;61
316337;214
319154;127
321265;161
322302;128
323422;1
324528;229
325869;54
327856;20
328544;163
328558;241
328616;61
328630;214
328636;102
328862;154
334274;38
336020;24
337116;271
337245;25
338387;80
339204;213
340226;213
340740;115
341801;93
342283;195
342288;59
342289;85
343669;14
344207;102
344633;61
345407;267
345477;63
345687;112
345942;150
346484;38
346828;176
348446;266
349946;234
352728;257
353244;106
355685;31
356330;136
357096;276
359859;9
359951;138
362028;206
364185;180
364780;31
365916;74
367561;15
368267;181
371706;156
374896;241
377067;154
377256;56
377947;129
378615;52
380098;62
381148;10
386008;180
387569;20
388445;59
388647;277
390331;248
390607;20
395611;168
395695;83
396658;233
397553;275
397828;251
398418;230
405807;218
406045;53
406048;118
407498;185
409463;110
409656;90
412194;110
413610;132
414266;243
414993;34
415953;273
421700;277
422704;28
422917;165
423587;18
424131;172
424291;276
424508;219
425426;187
427092;120
427643;2
428996;27
433371;190
434193;126
434912;56
435201;14
435439;186
437551;239
438773;48
439398;110
441188;56
444046;231
444497;279
444799;188
445452;18
445775;242
446741;40
446883;20
447420;170
449574;116
449631;272
449685;247
450008;15
450199;23
450729;75
451953;117
452404;9
453299;194
454998;126
455411;240
456516;5
462851;154
462852;24
463855;270
465447;55
472025;219
474456;90
475385;55
476643;54
478880;50
480764;25
480827;239
481218;70
482348;121
482896;266
482989;219
485176;174
486650;143
488966;64
489072;81
492451;266
492604;18
492766;266
493983;22
495502;20
495606;280
497804;145
498337;159
498344;67
501025;227
501518;186
501523;112
504417;76
504598;104
504653;7
505380;29
506808;44
507269;48
507276;93
513637;235
514312;145
515366;178
524125;68
524288;70
524672;137
524819;179
526109;112
527735;32
528628;68
528648;172
531732;190
531904;98
534897;25
535513;7
535634;80
536141;262
536169;242
536982;266
538968;87
539208;242
539542;48
543204;246
550158;23
552280;53
552629;10
553560;187
553867;244
556499;203
556886;168
557675;180
557682;59
557991;98
558558;20
559065;156
563365;239
563507;112
564602;64
565700;116
565807;186
566496;246
566594;67
566698;5
567233;15
567691;246
567990;133
568433;104
568460;179
570654;54
571225;172
574876;33
575333;266
577468;225
577870;4
578166;76
578504;212
578886;214
579483;14
580439;179
581654;222
581795;163
582000;93
582372;48
582421;40
582448;244
583583;165
583588;101
587360;183
587855;212
588568;36
589083;266
589337;269
591676;76
592142;203
592203;227
592813;70
594282;133
594802;172
595005;32
595012;38
596116;203
596519;156
598306;225
598524;29
599699;263
599869;75
600401;112
601037;9
601988;68
605272;94
607357;142
609066;191
609301;251
610625;184
613855;247
615017;186
615488;97
615554;280
616912;112
617608;186
621305;59
621703;180
621864;256
622815;53
625970;197
626054;62
626696;226
626952;7
627407;126
629286;268
630087;32
630510;146
630544;102
630595;128
630598;141
630814;203
631313;32
634127;204
639681;55
639862;235
640374;267
641573;66
645967;97
645969;128
647568;70
647583;165
649822;64
650621;112
651024;215
652027;93
653205;115
653217;150
655842;172
656160;20
658602;137
661304;156
667282;79
667434;221
672952;279
675771;56
677058;133
677211;156
677871;279
681430;186
686688;83
687252;25
687394;22
687601;279
687661;268
688454;197
688532;14
688608;126
688618;179
690103;133
690393;142
693996;221
694002;227
694003;183
694276;134
694513;116
694575;76
695280;176
696035;136
698335;216
699347;156
700769;186
704122;195
705263;203
707261;70
707406;186
707508;133
707862;186
708993;223
710283;104
710983;179
712404;130
712570;22
712841;105
713336;7
713528;22
714994;9
715825;266
716624;187
718222;142
718370;76
718556;48
718965;70
718981;165
719125;40
720327;23
721916;18
722091;112
722707;186
722803;165
722962;93
723264;79
723270;221
727751;118
727917;80
728597;204
728615;142
728854;248
735684;126
736918;105
738282;40
738328;163
739310;223
739717;190
740265;268
740847;116
741154;239
741737;29
743046;179
743309;130
743572;203
744426;137
745312;114
748230;225
748233;268
748672;179
748950;179
749251;116
750961;31
752361;133
753926;268
754072;149
754758;31
755540;55
757839;77
760091;40
760257;23
762626;212
763245;50
764751;228
765861;187
766047;74
766401;218
773721;74
780829;197
782114;126
782402;228
782859;225
782887;268
783141;104
783603;188
784435;190
786880;21
789301;97
789384;56
791495;92
791550;270
791552;224
791556;66
796211;218
799491;196
804989;44
805361;97
807575;128
818917;231
823668;208
830463;232
834979;10
835791;105
837433;83
869659;212
871404;123
882088;222
915820;216
924694;97
934836;68
935313;14
941929;172
942081;20
943648;62
945085;97
953763;179
961018;70
961325;242
962051;49
962127;266
962191;70
964582;129
965867;272
965872;31
966027;48
966050;93
966178;9
966204;75
967856;107
968417;246
971634;21
972333;152
972764;36
973109;244
974345;68
974458;223
979459;105
982841;118
982897;95
987920;112
988015;20
990386;20
990892;64
996256;15
996585;172
997886;124
998032;80
998126;179
998375;191
998414;222
998435;220
999665;275
1000316;268
1000629;239
1001214;76
1001519;197
1001788;97
1001824;253
1003443;186
1004706;180
1014876;156
1015450;212
1016112;225
1025446;248
1032329;123
1032676;98
1034604;172
1038084;9
1038217;48
1038248;38
1039500;203
1039632;156
1039845;105
1040055;268
1040520;137
1040521;233
1040676;15
