116;1699
462;1375
1290;1570
1300;2238
2495;202
2503;245
2580;517
5226;1842
6127;929
6272;1144
7409;898
7412;1697
7917;1698
8745;2085
8921;279
8967;12
9542;174
10082;699
10356;202
10930;199
10931;199
11242;340
11350;1553
11605;2449
11753;1599
11936;971
12301;1008
12304;321
12662;69
12670;49
13078;1699
13451;497
14249;18
14326;137
15014;123
15063;44
15883;1701
16193;340
16870;46
16873;8
17197;2799
17198;1499
17241;2887
17358;2278
17852;205
17909;18
18068;140
18077;42
18157;1217
19058;30
19165;3106
20701;134
20893;29
20938;299
21428;1099
21489;249
21897;62
22473;169
22474;159
23483;218
24204;1324
24842;790
24878;269
25429;1975
25629;238
26079;1299
26156;2513
26506;1150
26622;44
26680;539
26687;699
27442;1741
27888;1696
28265;10
28660;221
29945;253
30621;160
30979;1679
31158;2760
31777;121
34170;2399
34794;39
35465;1992
36170;200
37565;188
37775;29
38255;2099
38346;971
38350;560
38384;1210
38767;2921
39275;243
39689;574
40238;200
40462;285
41236;78
41279;42
41931;231
42077;478
42081;246
42269;148
43580;21
43958;65
44119;490
44162;2849
44862;40
45279;1207
45981;132
46295;75
46440;56
46860;2775
47126;25
47289;316
47476;141
48611;675
48982;19
49629;856
49946;149
50040;316
50597;1319
50603;12
50950;289
50979;229
51474;52
52206;547
52223;75
52883;15
53306;2007
53358;313
53930;1392
53986;696
54568;1179
54750;238
55230;45
55499;2071
56018;322
56027;8
56897;982
57035;269
57822;199
58620;518
59581;699
60255;53
60295;702
60652;2055
61033;1949
62264;75
62359;60
62658;81
63204;41
63242;159
63255;199
63867;535
64721;86
64804;7
65094;378
65171;221
65766;60
65796;49
66239;11
66316;491
66721;190
66847;1333
67079;18
67589;71
67610;88
67695;66
67697;80
67846;55
68478;1741
68695;799
68697;1348
68781;197
69580;249
69807;940
70443;1362
70539;33
70835;224
71633;514
71875;182
72009;8999
72742;2749
73811;477
73820;330
74642;49
74808;11
75197;51
75524;1189
75531;293
75722;258
75725;128
76685;1679
76899;65
76945;29
77798;269
77804;399
77858;365
78297;634
78578;72
78721;155
78798;209
78954;1749
80195;1470
80867;29
81290;2233
82989;1399
85391;2317
85447;9456
87079;54
88359;616
89075;8999
89342;279
89755;969
91010;112
91179;135
91540;189
91739;24
94426;18
94629;54
94924;56
95123;317
95547;229
95561;49
97641;297
98124;71
98411;40
98434;111
99115;53
99119;72
99323;142
99588;1241
99594;57
99595;70
99913;19
100715;647
100991;234
101039;11
101498;63
101520;46
102090;1349
103058;79
106457;149
106553;267
106892;338
106904;998
109481;28
109964;2849
110052;16
111036;699
111050;9699
111243;549
111244;399
111525;239
112082;231
113299;11
114943;241
115044;509
115520;949
116753;2999
117271;1218
117492;64
118257;167
118521;1399
118847;144
120742;200
120925;13
123256;488
123303;213
123992;36
124194;61
124286;170
124417;246
125622;76
125629;44
128004;59
128855;1988
129001;256
129220;1249
129738;43
129794;9
130831;299
132045;165
132551;5
132974;1729
133804;18
133806;51
134791;75
135161;13
135623;207
135657;30
135965;39
139777;1399
140901;365
140994;28
142075;205
142275;1736
144134;199
144233;35
144290;47
144482;2213
144487;1743
145409;1167
145617;44
147136;269
147193;535
149664;527
150429;351
150695;979
151669;160
151676;93
152065;36
152687;75
153825;69
155916;81
156039;79
158039;224
158389;75
159634;31
159737;2327
160722;19
161725;32
163106;24
164325;192
165584;2699
165888;59
167175;47
167303;24
168995;2016
170291;39
171827;138
172569;21
173402;82
173574;1998
174372;21
175157;26
175166;209
176314;1138
176335;1041
176766;52
184217;12
184335;6887
184550;1261
185357;1699
186605;49
188102;5090
189480;20
189481;41
189927;113
190699;99
190951;1366
192282;70
194658;21
196469;31
197878;149
197885;99
198114;54
198191;1206
198477;17
198675;34
198909;42
198963;105
199200;42
200269;10
202225;2890
202329;44
203550;578
203848;168
205370;34
206816;3568
207102;59
207364;149
207399;155
208019;48
209792;20
212349;1899
212492;249
212708;449
214254;44
216549;6
216700;149
216975;233
217883;476
219671;8999
220538;2399
222329;1666
222822;878
223742;17
223807;468
225112;56
225937;129
227113;1199
229484;59
229680;1182
230295;12
230566;45
230668;135
232845;14
233207;124
234368;47
234964;1296
235056;727
236378;35
237659;127
239426;699
240803;356
240950;78
242218;47
242428;34
242448;169
244294;2299
244297;1999
247637;58
248350;49
248359;199
248998;1225
249768;141
250048;59
250060;529
250520;668
251919;2128
251967;62
252889;246
253737;28
253793;172
253825;29
254040;26
255440;11
256099;243
256868;2124
257812;394
257814;287
257950;273
258450;125
258618;126
258727;699
259553;127
259561;53
259766;59
260189;48
260561;417
261768;45
262124;115
262225;281
262621;5
263027;22
264062;24
265709;34
268516;24
269041;28
269566;48
271943;1502
272810;52
272947;51
273452;10
273902;205
274525;64
274726;36
276439;71
281325;58
282542;216
283643;200
285523;1692
286658;32
289449;59
289682;254
291291;67
291293;50
294157;325
294570;1935
294781;54
297973;18
303846;35
304231;506
304869;59
304946;63
306401;39
308456;249
308466;700
310851;1179
311978;512
312106;99
312433;238
313595;1649
314131;744
315637;215
316228;8
316310;29
316337;20
319154;159
322302;159
322893;1404
323422;1299
323917;9
324528;24
325869;35
327856;32
328544;33
328630;14
328636;37
334274;1029
334542;65
336020;20
337116;46
337245;73
337632;37
338039;30
338387;58
339204;65
340740;29
341736;53
342288;45
342289;65
343623;20
343669;19
344207;52
344633;26
345255;21
345407;15
345414;56
345474;11
345942;27
346484;899
346828;26
349828;60
351100;44
355685;239
356330;19
359859;1585
359951;1344
361878;24
362028;14
363888;29
364185;44
364302;511
365525;106
367561;343
371645;145
371706;199
372105;79
374896;58
375046;381
377947;53
378777;249
380098;50
381148;58
382489;14
386008;35
387088;43
387569;34
388445;37
388647;999
390607;42
395611;28
395695;119
396432;20
396658;273
396659;273
397828;1185
398418;24
404446;15
406048;699
409463;262
412016;1497
412194;326
414266;291
414993;19
422917;36
424131;115
424494;35
424508;12
425426;2
426072;249
427092;1769
427643;29
429338;179
430516;55
433371;111
434193;567
434912;23
435201;14
435942;376
437551;232
438488;899
438773;2849
439398;267
443049;255
444046;1120
444497;25
444498;30
444799;89
445452;1298
446883;44
447420;199
447605;112
449631;200
449685;1709
450008;312
450729;8549
451949;2941
452404;1565
453888;19
454843;342
456516;78
459331;1799
460562;69
462851;19
462852;19
463855;69
463991;1422
465447;49
472025;17
476643;37
480827;195
481128;2811
481218;1899
482348;19
482896;45
486650;165
486717;34
489061;41
490311;495
492451;44
492766;47
493367;40
493983;3
495502;35
496340;176
496595;220
496635;187
497891;62
498337;273
498344;648
504417;365
504630;65
505174;15
505258;16
505380;1847
507269;2703
507276;1686
508314;1851
514312;206
515366;570
519208;253
522855;175
522893;39
524288;1699
524672;198
524814;53
524819;59
527735;19
527905;5266
528462;93
528628;235
528648;108
531503;1954
531648;39
531904;49
534897;75
535510;39
535513;37
535634;62
536169;2275
538968;2199
543204;1695
546848;55
550650;213
552280;248
552629;43
552645;24
553560;6
553867;612
555331;53
556499;145
556886;37
557675;36
557682;37
557864;1199
558558;33
559065;224
559368;252
561115;120
563507;997
563831;1187
564088;418
565700;234
565807;330
566633;59
566698;53
567233;349
567691;1629
567990;42
568460;57
569154;349
569826;449
570654;32
570736;233
571225;102
572112;6
574876;24
575198;482
575333;43
577870;13
578886;20
579434;29
579462;78
579483;16
580321;9
580439;57
581654;263
581795;30
582000;1675
582057;363
582421;212
582448;690
584285;89
587360;261
588547;17
589083;49
589337;18
591063;274
591676;319
591677;500
592142;127
592203;186
594802;101
596072;151
596225;79
596321;16
596929;4939
598537;2849
599699;27
599881;2199
601025;1699
601037;1620
601051;2899
601988;206
603128;148
605090;150
609066;13
609301;1026
610417;59
610625;135
610898;1685
614515;40
615017;373
615554;48
615787;41
616179;11
616912;978
617608;437
621305;39
621864;39
622172;76
625970;482
626054;49
626710;491
627407;496
629286;237
629314;231
629836;37
630051;228
630087;27
630510;129
630595;168
630598;71
639681;40
639697;8
640210;604
641344;127
645969;138
650722;305
651894;5578
652027;1616
652739;112
652771;64
655842;101
655858;487
658602;258
659111;761
659204;382
661304;202
663252;144
663340;173
664774;141
667282;168
667434;186
671808;234
675557;19
675771;19
677871;29
677877;44
681430;318
683562;29
686688;115
687252;80
688608;552
690103;43
690391;301
690393;471
690617;102
693996;185
694276;37
694575;368
699347;214
700769;444
701366;42
703466;199
704122;204
704643;97
704709;97
707406;305
707508;41
707862;317
708993;1628
710283;154
710562;27
710779;52
710983;63
712358;160
712364;177
712404;24
712570;2
712652;136
713014;128
713463;206
714994;1665
716215;484
716624;8
716710;500
716878;41
717594;323
718222;478
718388;62
718556;2751
718981;37
719020;128
719150;42
720327;50
722091;919
722707;305
723015;1675
723270;178
725519;326
726394;192
726613;209
727917;68
728597;53
728617;318
728941;59
732594;458
735684;480
737394;27
738282;208
740256;35
740265;240
740847;215
741737;1961
743046;59
744250;205
744423;225
744426;225
745312;1239
747532;25
748230;264
748233;275
748672;71
748950;57
750049;51
750961;229
751697;239
752361;50
752461;1252
753639;29
753644;7
753911;34
754072;1279
754493;248
755540;42
760257;61
765970;31
766047;12
766401;50
773721;19
780767;450
780829;651
782114;516
782402;266
782633;13
782859;264
782887;243
782929;34
783141;208
783171;220
784435;102
789384;16
791495;12
791550;60
791552;16
796211;52
804975;643
805361;147
805465;146
807953;173
823668;6
830675;876
834976;40
834979;40
837433;146
840771;252
843761;135
859889;109
869645;43
869659;146
871401;38
876370;101
876382;38
882088;259
885821;37
902089;62
915820;37
934836;214
941929;95
942081;34
953670;37
953672;134
953750;214
953763;55
953766;40
953794;17
961013;2252
961018;1799
961325;2355
961379;7125
962127;38
964582;52
965867;226
966050;1349
966178;1395
966204;7999
966990;59
967731;6700
967856;440
967889;699
968417;1729
969503;6999
969550;9297
971428;513
972333;5578
972764;1341
973109;709
974345;228
974458;1650
975980;40
980927;478
983363;376
984295;45
984296;34
985979;22
986752;993
987920;978
988015;35
990892;349
996256;337
996342;11
996505;121
996585;119
996945;2023
997886;338
997888;461
998126;77
998375;9
998414;290
998435;156
999665;119
1000316;278
1000595;136
1000629;203
1000899;76
1000956;1334
1001214;245
1001519;500
1001788;138
1003443;378
1012631;404
1012632;762
1016112;266
1025446;81
1032329;58
1032676;53
1034604;96
1038084;1320
1038217;2575
1038483;94
1038509;437
1039410;3581
1040208;94
1040520;296
1040521;296
1040676;447
1041258;615
