1665;212
2485;203
2503;245
2580;517
2842;1618
5226;1842
6127;929
6152;1490
7409;898
7412;1697
8745;2085
8941;119
9542;174
9639;19
10741;545
10770;11
10931;199
11056;215
11242;340
11350;1553
11605;2449
11753;1599
11936;971
12304;321
12594;1799
12670;49
13123;199
15014;123
15883;1701
16977;1613
17197;2799
17198;1499
17358;2278
17909;18
18068;140
18157;1217
19058;30
19165;3106
20701;134
20893;29
21489;249
22404;5999
22473;169
23174;20
23699;706
23702;6770
24283;1399
24842;790
25026;2699
25155;484
25227;10
25429;1975
25629;238
26079;1299
26156;2513
26506;1150
26680;539
26868;230
26900;1463
27442;1741
27888;1696
29945;253
30605;227
30979;1679
31158;2760
31777;121
32560;1559
34326;225
34794;39
35719;2770
36244;159
37775;29
38255;2099
38350;560
38384;1210
38767;2921
39275;243
39639;45
39749;1842
39769;14
40238;200
40462;285
41144;1670
41236;78
41279;42
41669;76
41931;231
42077;478
42746;2400
43451;653
43512;35
43580;21
43585;54
44037;1972
44119;490
44162;2849
45057;349
45981;132
46295;75
46860;2775
48611;675
49946;149
50040;316
50301;47
50597;1319
50654;342
50950;289
51474;52
52206;547
52223;75
52805;30
52883;15
53070;275
53262;35
53306;2007
53986;696
54568;1179
54750;238
55499;2071
55803;45
56018;322
56074;64
56509;1299
56897;982
57822;199
58620;518
58849;78
59581;699
60255;53
60295;702
60652;2055
61043;1799
62264;75
62359;60
62658;81
63204;41
63255;199
63867;535
64061;80
64248;64
64721;86
65072;1329
65094;378
65171;221
65520;195
66239;11
66316;491
67079;18
67589;71
67610;88
67651;162
67695;66
67846;55
68331;1177
68478;1741
68695;799
68697;1348
69580;249
70480;2598
70539;33
70835;224
71125;1728
72884;20
73036;78
73811;477
73820;330
74808;11
75197;51
75200;73
75374;997
75524;1189
75649;1399
75722;258
75725;128
76254;54
76696;1099
76855;524
76945;29
77789;659
77798;269
77804;399
77809;549
77858;365
78297;634
78798;209
78954;1749
85391;2317
86372;8999
86543;17
87079;54
87909;1999
89075;8999
89148;373
89753;1449
91010;112
91179;135
91507;1299
91540;189
91739;24
94426;18
94465;199
94629;54
94924;56
95123;317
98124;71
98690;14
99119;72
99323;142
99588;1241
99594;57
99595;70
99913;19
100129;2849
100574;2599
100627;25
100991;234
101039;11
101498;63
101866;64
102090;1349
102663;869
102983;343
103058;79
103916;199
105355;27
106553;267
106892;338
106904;998
108111;1246
109481;28
110052;16
110181;142
111036;699
111050;9699
111243;549
111244;399
112082;231
113813;28
114826;263
114943;241
115650;1729
115679;1085
116550;365
116753;2999
117271;1218
117504;75
118257;167
118521;1399
119172;303
120925;13
121663;219
123256;488
123303;213
123992;36
124194;61
124417;246
124450;284
124911;269
125622;76
125629;44
125766;1619
126360;331
128004;59
128855;1988
129738;43
129794;9
129865;30
130445;8
130651;17
130807;699
130831;299
131509;149
132045;165
132551;5
132974;1729
133806;51
134791;75
135623;207
135657;30
135965;39
137719;215
138295;223
138514;31
139777;1399
140901;365
142075;205
142746;69
142907;132
144196;264
144290;47
144482;2213
144487;1743
145028;2984
145029;1804
145617;44
147193;535
147364;299
148487;40
149664;527
150429;351
150669;38
151669;160
151676;93
151697;649
152065;36
155553;55
156039;79
157279;73
158039;224
158389;75
158658;73
159737;2327
161725;32
162173;61
163106;24
164325;192
165584;2699
167283;71
167303;24
168995;2016
169073;24
171195;59
171926;304
172569;21
173153;849
173402;82
173574;1998
174097;389
174159;25
175577;121
175647;39
176314;1138
176335;1041
176727;241
176766;52
177113;30
179927;1191
182202;36
184217;12
184335;6887
184550;1261
185177;46
185348;2799
185357;1699
186605;49
187467;63
189480;20
189481;41
189927;113
190951;1366
192282;70
194658;21
196469;31
197885;99
198191;1206
198675;34
198909;42
198963;105
202329;44
203338;475
203550;578
203779;11
204735;533
205901;44
206816;3568
207102;59
207364;149
207383;72
208463;240
208968;1115
209414;89
209792;20
210611;20
212154;15
212195;43
212708;449
214254;44
215363;241
216549;6
216692;99
216700;149
216840;103
216975;233
218565;34
219671;8999
220538;2399
220932;135
222822;878
223054;17
223742;17
223807;468
224304;20
225112;56
225937;129
226811;13
227113;1199
227382;5999
227631;703
229680;1182
230566;45
230668;135
231417;27
232809;40
233207;124
233598;11
233705;152
234368;47
237009;38
237659;127
240950;78
241802;249
241919;59
242831;8999
244121;84
244294;2299
244297;1999
247637;58
247998;11
248350;49
249768;141
250048;59
250060;529
250281;20
251919;2128
251967;62
252889;246
253295;285
253737;28
253793;172
255261;191
255440;11
256099;243
258023;44
258727;699
259561;53
259565;45
259751;38
259766;59
260561;417
261768;45
262124;115
262292;281
263027;22
264062;24
264593;1136
264718;223
265709;34
265718;36
265805;277
266437;71
267437;9
269041;28
269633;168
271943;1502
272810;52
273156;39
273452;10
274281;194
274525;64
276439;71
280138;2129
281213;38
281325;58
285523;1692
286658;32
289449;59
289682;254
290850;45
291291;67
294781;54
297714;1097
297973;18
300567;213
301364;49
304869;59
304942;62
304946;63
310148;50
312106;99
312486;243
314131;744
315637;215
316228;8
316310;29
320383;423
322302;159
323422;1299
323917;9
324528;24
325869;35
325870;250
327856;32
328636;37
329034;48
333524;41
334274;1029
334308;1620
334542;65
336020;20
337116;46
337245;73
338039;30
338387;58
338453;20
340226;144
340740;29
341736;53
341801;1399
342288;45
342289;65
343623;20
343669;19
344207;52
344633;26
344636;29
345255;21
345407;15
345414;56
345942;27
346484;899
346828;26
349828;60
349946;82
350248;21
351100;44
352728;13
352745;66
353113;69
353244;155
357096;59
359951;1344
361878;24
362028;14
363888;29
364185;44
365357;249
365525;106
365916;17
366420;122
372105;79
374896;58
377256;20
377947;53
378615;96
378777;249
381148;58
386060;903
386815;36
387088;43
388445;37
388647;999
388919;29
390331;77
394443;8
397548;31
397553;105
397828;1185
398418;24
404446;15
405807;42
406045;199
406048;699
407498;30
408773;14
409463;262
409656;1319
412016;1497
413459;24
413610;1206
414266;291
415953;50
417323;159
423587;1230
424494;35
425426;2
426072;249
427643;29
429338;179
429939;44
429995;19
430516;55
432597;164
434193;567
434912;23
435201;14
435439;335
437545;45
437551;232
438486;1899
438488;899
438773;2849
441188;19
444497;25
444498;30
444799;89
445305;17
445452;1298
446741;194
447420;199
447605;112
449574;197
449685;1709
450787;17
451953;292
452404;1565
453495;40
453888;19
454843;342
454998;473
455216;116
455321;43
455411;60
459331;1799
462851;19
465447;49
468522;269
474456;1896
475385;38
476643;37
478880;370
480827;195
481218;1899
482343;143
482348;19
482896;45
485187;21
485561;31
486650;165
486717;34
486882;21
487028;2312
488966;371
489061;41
489072;62
492451;44
493367;40
493983;3
495502;35
495606;36
497891;62
501523;1025
504630;65
504682;967
505174;15
505380;1847
506808;238
508314;1851
513637;41
514312;206
515366;570
519208;253
521601;40
522490;71
522855;175
524288;1699
524672;198
524819;59
528462;93
528648;108
528714;509
531145;7998
531648;39
531732;109
531904;49
534897;75
535634;62
536141;7100
536169;2275
538968;2199
541486;38
543204;1695
546848;55
550158;65
550650;213
552629;43
552645;24
553560;6
557675;36
557864;1199
557991;59
558558;33
559368;252
561115;120
563365;236
563507;997
563831;1187
564602;328
565700;234
565807;330
566496;1729
566633;59
567990;42
568433;206
568460;57
569826;449
570654;32
570736;233
571225;102
572112;6
574876;24
575198;482
575333;43
575676;16
577468;296
577870;13
578504;132
578886;20
579434;29
579462;78
580439;57
581654;263
581795;30
582057;363
582421;212
582448;690
582755;450
583588;30
584285;89
587360;261
587897;227
588547;17
588568;1539
589083;49
591063;274
591677;500
592142;127
592203;186
592808;2084
594282;41
595005;27
596321;16
596519;225
596929;4939
598306;253
598524;1899
599699;27
600401;919
601988;206
602111;65
604347;10
605090;150
605272;129
609066;13
610417;59
610625;135
613855;2099
615017;373
615787;41
616179;11
617112;53
621305;39
621864;39
622815;198
623745;488
625970;482
626054;49
626696;39
626710;491
626884;207
629314;231
629836;37
630087;27
630598;71
630814;127
633946;210
634127;56
635965;667
639681;40
640374;14
641573;11
645967;147
647583;37
649822;323
651024;80
651901;2139
652531;39
653217;52
655858;487
656160;37
658602;258
658828;13
659111;761
659204;382
661302;225
661304;202
663252;144
663340;173
664774;141
667214;108
667282;168
667434;186
671808;234
675557;19
675627;36
677058;46
677207;249
677211;212
677871;29
677877;44
687119;23
687252;80
687394;2
687595;46
687601;31
688532;19
688608;552
690393;471
690617;102
693990;166
694002;195
694276;37
694513;201
695280;30
696035;13
698335;29
699347;214
700769;444
701366;42
704643;97
704709;97
705263;133
707261;1891
707277;38
707630;2760
707862;317
708146;955
710562;27
710798;67
711861;181
712358;160
712364;177
712570;2
712652;136
713014;128
713336;39
713463;206
714994;1665
715825;41
716215;484
716710;500
717594;323
718222;478
718370;331
718388;62
718965;1818
719020;128
719150;42
720327;50
722091;919
722787;1818
722803;37
725519;326
726394;192
726613;209
727917;68
728134;111
728615;460
728617;318
728854;79
728941;59
731581;972
732690;50
737394;27
738328;49
739717;109
740256;35
743572;145
744423;225
744426;225
745312;1239
747532;25
748233;275
748561;208
748950;57
749251;199
750049;51
750068;65
750961;229
752361;50
752461;1252
754072;1279
754493;248
754758;220
757839;40
760091;243
760257;61
764751;278
766047;12
773790;31
779832;45
780767;450
782114;516
782859;264
782887;243
782929;34
783171;220
783603;99
784435;102
787793;62
789301;154
789384;16
791495;12
791550;60
791552;16
791556;28
796211;52
804989;243
805361;147
807953;173
818917;1054
819199;34
823668;6
830674;484
834976;40
835813;37
837433;146
838574;5722
840771;252
843761;135
859889;109
869645;43
871401;38
876370;101
876382;38
882088;259
902089;62
915820;37
924694;143
941929;95
942081;34
943648;43
945085;179
945550;22
948795;202
953763;55
953794;17
961018;1799
961325;2355
961379;7125
962051;3017
962127;38
962191;1789
965868;233
965872;255
966027;2649
966050;1349
966178;1395
966204;7999
967731;6700
967856;440
967889;699
968476;999
969368;242
969503;6999
969550;9297
969571;2259
971428;513
971634;173
973109;709
975980;40
979459;62
980170;1639
980927;478
982841;607
983363;376
984295;45
985849;201
987378;349
996256;337
996342;11
996945;2023
997886;338
998032;66
998375;9
998414;290
998435;156
999665;119
1000503;65
1000595;136
1000629;203
1000899;76
1001519;500
1001788;138
1004706;41
1004710;109
1012631;404
1012632;762
1016112;266
1025446;81
1032676;53
1038483;94
1038508;631
1038509;437
1039410;3581
1039459;340
1039500;168
1039649;2165
1040055;363
1040521;296
1041258;615
