116;9
462;36
1286;48
1290;9
1665;156
2495;116
2503;182
2580;178
2842;9
4376;9
4936;178
6152;9
6272;223
6786;48
7331;67
7412;9
7917;9
8967;191
9542;53
9639;33
10082;118
10356;156
10420;225
10452;116
10741;178
10770;191
10930;170
10931;21
11056;145
11242;183
11350;120
11368;260
11605;87
11936;112
12272;204
12301;112
12594;120
12662;25
12670;179
12680;55
13078;9
14130;212
14249;176
15014;146
15532;145
15625;236
16870;165
16873;63
17016;218
17197;242
17198;260
17241;48
17852;116
18068;203
18077;273
18157;260
18831;18
20893;32
21002;36
21428;112
21897;179
22404;152
22473;97
23174;232
23448;31
23483;156
23699;19
24842;38
25026;242
25155;69
25429;211
25629;31
25631;156
26622;266
27888;246
29945;183
30621;128
31158;48
31777;249
31988;31
34326;28
34794;133
35465;29
36156;272
36170;116
37775;95
38384;18
38767;48
39275;31
39504;186
39639;218
39769;72
40462;282
41144;93
41236;25
41279;263
41669;8
41931;40
42081;76
42746;87
43451;244
43563;128
43580;56
43585;62
43958;160
44862;20
45377;251
45981;83
46295;105
46582;137
46860;48
47126;168
47289;15
47476;127
48982;232
49239;179
49629;38
49946;212
50040;64
50179;227
50597;36
50603;206
51474;181
52223;179
52883;269
53070;198
53306;211
54750;53
55803;266
55833;212
56018;183
56027;72
56074;5
56509;260
56897;112
57035;228
57822;53
57873;80
58620;197
58849;80
58925;117
60255;123
60652;250
62359;207
62658;80
63255;158
63867;197
64248;25
64721;105
65094;186
65171;40
65706;200
65766;105
65796;235
66316;126
66717;233
66721;137
67589;23
67697;213
67846;133
67948;225
68695;38
68697;93
68779;31
68781;156
69374;242
69580;182
70443;9
70539;24
70835;84
71875;220
72731;93
72742;48
73036;105
73811;142
73820;76
74808;4
74972;29
75524;200
75649;260
75722;228
76163;19
76254;270
76685;246
76696;112
76899;179
76945;33
77809;78
78578;248
78721;184
78798;40
78954;93
80195;260
80867;95
81290;87
82989;171
85391;242
87079;179
88359;67
89148;16
89753;93
91010;94
91032;31
91179;128
91540;156
91739;109
94428;212
94465;40
94490;179
94629;123
94924;98
95547;53
95643;121
96024;157
96034;53
98124;141
98312;9
98690;14
99115;129
99119;62
99323;220
99595;25
100574;242
100627;95
100715;111
100990;156
101039;224
101498;10
101499;190
101520;180
101866;23
102663;38
102983;64
103058;8
103916;53
105355;51
105641;197
106553;222
106750;48
106892;186
106904;112
107716;38
109481;95
109964;48
110052;4
110084;95
110181;146
111036;132
113299;214
113813;235
114826;268
115520;200
115650;246
115679;112
116550;64
117271;155
117492;179
117504;213
118257;189
118847;203
119172;268
120925;103
121224;76
121663;156
122012;144
122995;48
123256;126
123463;244
124417;272
124450;225
124911;222
125629;77
128855;29
129738;55
129794;187
130831;145
132046;79
132551;22
132974;246
133804;278
134791;215
135161;4
135623;156
135657;2
138295;272
138400;126
138512;38
138514;263
140901;76
140994;115
141207;178
142075;116
142275;171
144134;40
144233;163
145029;93
145409;114
145617;133
147193;142
148487;55
149664;142
150669;7
150695;112
151669;205
151676;220
153825;248
157279;248
158658;179
159634;100
160714;128
162173;105
164325;167
164740;246
165584;242
165809;213
167810;88
169073;176
170291;133
171926;15
174097;186
174372;4
175157;216
175166;116
175403;187
175577;203
176314;138
177113;269
182202;216
184217;208
184335;254
185177;180
185348;48
186605;280
186813;216
187424;148
187467;234
188716;116
189480;161
189927;172
190699;177
191014;123
191515;20
193210;127
194658;4
195803;98
196469;168
197268;172
197806;102
198114;98
198191;138
198477;278
198909;180
198963;172
199200;39
200269;265
203338;16
203550;111
205370;130
206816;42
206959;223
207046;253
207102;80
207364;220
207383;141
207399;203
208019;245
208148;94
208427;16
208463;68
209792;201
212154;125
212349;93
212708;107
213800;130
215363;268
216692;177
216840;94
217883;142
218565;281
219639;158
219975;255
220265;126
220538;87
222326;197
222329;82
223742;34
225112;23
225937;203
226811;253
227631;244
227692;18
229484;80
229680;114
230295;199
230566;71
230668;83
232809;12
233207;84
233705;104
233807;51
234368;258
234964;18
236378;130
237659;94
240803;135
241802;261
241919;80
242070;225
242218;258
242448;127
242831;75
243406;15
244982;266
247998;206
248350;62
248998;90
249347;7
249768;79
250048;234
250060;142
250520;244
251967;177
252889;233
252890;137
253295;243
253737;130
254040;95
255261;116
255440;187
256099;282
257651;233
257812;124
258023;273
258450;190
259553;172
259561;57
259751;266
259758;10
259766;98
260564;203
262174;123
262224;227
262225;183
262292;41
262621;22
263127;222
264062;33
264593;138
264718;143
265805;222
266437;162
267437;187
268516;33
269041;157
269566;23
269633;21
269656;172
271943;90
272681;181
272947;98
273156;59
274281;239
274525;52
274726;20
282542;68
286658;263
287443;142
289449;129
290529;240
290850;133
291293;23
294157;15
294570;29
296733;62
297714;18
297887;279
299279;132
303846;81
304942;181
304946;80
307902;278
308466;178
310148;62
310851;231
310961;97
312433;156
314131;244
316222;192
316428;259
319154;127
323422;1
323917;108
324528;229
327856;20
328544;163
328558;241
328616;61
328630;214
328636;102
328862;154
329034;280
333524;133
334274;38
334542;88
336020;24
337116;271
337632;55
338039;133
338453;278
338970;76
340226;213
341801;93
342283;195
342288;59
342289;85
343623;96
344207;102
344633;61
344636;281
345407;267
345477;63
345687;112
345942;150
346787;93
349828;181
350248;81
352728;257
352745;192
353113;276
357096;276
359859;9
362028;206
363888;202
364302;197
365357;156
365525;86
366420;234
367353;148
371706;156
372105;8
374896;241
375046;272
378615;52
378777;167
380196;179
381148;10
386815;133
387088;133
387569;20
388445;59
388647;277
390331;248
394443;208
395611;168
395695;83
396659;137
397553;275
397828;251
398418;230
404446;34
405807;218
406048;118
408773;14
409656;90
413610;132
414993;34
415953;273
417323;25
421199;112
422704;28
422917;165
423587;18
424494;150
425426;187
427092;120
429338;167
429476;84
429939;133
434912;56
434959;272
435201;14
435439;186
437545;59
438486;93
438488;38
438773;48
443049;282
444046;231
444497;279
444799;188
445305;278
445775;242
447420;170
447605;83
449154;229
449574;116
450008;15
450199;23
450898;123
452404;9
453495;238
453888;253
454843;16
454998;126
455216;215
456516;5
457716;179
462852;24
463991;9
465447;55
468522;166
472025;219
474456;90
475385;55
480764;25
480827;239
481218;70
482348;121
482989;219
485176;174
485187;103
485561;121
486688;188
486717;51
487028;242
489061;32
489072;81
490311;178
492604;18
492766;266
493283;130
493367;266
496340;128
497804;145
498337;159
501025;227
501523;112
504417;76
504630;25
504653;7
504682;251
505174;74
507269;48
507276;93
508314;70
510373;172
515366;178
516992;182
522855;41
524814;23
524819;179
524914;133
527735;32
528628;68
528648;172
531027;184
531145;75
531503;29
531648;10
531732;190
532736;18
535510;165
536982;266
539208;242
539542;48
541486;55
546848;179
549132;190
552280;53
552629;10
553560;187
556499;203
556886;168
557991;98
558558;20
561115;172
561771;128
563831;114
564088;16
566633;204
566698;5
567691;246
567990;133
568460;179
569154;64
570654;54
570736;239
571225;172
572112;187
575198;197
575676;121
578166;76
578504;212
578886;214
579434;281
580001;40
580321;63
580511;61
581795;163
582448;244
582755;169
582899;241
583583;165
583588;101
584285;174
587855;212
587897;145
589083;266
589337;269
591063;225
591676;76
591677;142
592203;227
593927;278
594802;172
595005;32
595012;38
596072;212
596321;74
596519;156
598537;48
599699;263
599869;75
599881;70
600401;112
601025;93
601037;9
601051;48
603128;212
605090;212
605272;94
607899;15
609066;191
610417;226
610625;184
613855;247
615017;186
615554;280
615787;216
616912;112
617608;186
621305;59
621703;180
622815;53
625290;176
626696;226
626710;126
626884;189
626952;7
629286;268
629314;225
630051;44
630087;32
630595;128
630814;203
634127;204
635965;244
639681;55
639697;187
639862;235
640374;267
641573;66
645969;128
647583;165
649822;64
650621;112
650722;186
651024;215
651901;211
652027;93
652739;270
652937;102
653205;115
656160;20
658828;4
659204;76
661269;263
661304;156
663340;21
665085;94
667282;79
671808;40
672952;279
675557;109
675627;102
675771;56
677058;133
677207;31
677871;279
677877;226
681430;186
683562;130
686688;83
687119;121
687252;25
687394;22
687595;226
687601;279
687661;268
688454;197
688532;14
688608;126
689880;266
690103;133
690393;142
693990;79
694002;227
694003;183
694276;134
694575;76
695280;176
696035;136
698335;216
703466;239
704122;195
704643;94
707406;186
707508;133
707630;48
707862;186
710283;104
712358;79
712364;221
712404;130
712652;212
713336;7
713528;22
714994;9
716624;187
716878;133
717594;64
718143;204
718370;76
718556;48
718965;70
718981;165
719020;203
719125;40
719150;133
720327;23
720351;25
722091;112
722707;186
722787;70
722803;165
722962;93
726394;116
726613;40
728134;146
728597;204
728615;142
728617;76
728854;248
732690;181
735736;223
736918;105
738282;40
739717;190
740256;99
740265;268
740847;116
741154;239
743046;179
743309;130
743572;203
744250;156
744423;233
744426;137
745312;114
748230;225
748233;268
748234;233
748561;137
748950;179
750049;23
750961;31
751697;228
752361;133
753639;192
753644;208
753911;99
753926;268
754072;149
754493;228
757839;77
760091;40
764751;228
773790;202
782114;126
782376;113
782402;228
782859;225
783171;44
783603;188
784435;190
786880;21
787793;105
789384;56
791495;92
791550;270
791552;224
804989;44
805465;104
807575;128
807953;21
818917;231
819199;59
823668;208
830463;232
830675;164
834976;20
835813;180
837433;83
842627;87
843761;127
859889;172
869645;266
869659;212
871401;20
871404;123
882088;222
885821;180
941929;172
943648;62
945550;269
948795;40
953670;55
953672;212
953753;156
953763;179
953766;133
953794;230
961002;48
961325;242
962051;49
962127;266
962191;70
962793;38
964582;129
965867;272
965868;156
965872;31
966027;48
966048;9
966050;93
966204;75
967683;22
967731;254
968417;246
968476;112
969550;75
971634;21
972764;36
973109;244
974345;68
975980;62
979459;105
980170;93
982841;118
982897;95
983363;243
984296;54
985849;116
985979;56
990386;20
990892;64
996505;146
996580;275
996945;211
997886;124
998032;80
998126;179
998375;191
998435;220
1000316;268
1000629;239
1000899;25
1001788;97
1001792;128
1004706;180
1005721;31
1012631;69
1015450;212
1025446;248
1032676;98
1038084;9
1038217;48
1038247;93
1038483;25
1038508;142
1038509;76
1039500;203
1039632;156
1039649;93
1039845;105
1040055;268
1040520;137
1040521;233
1040676;15
1041258;197
