116;1699
462;1375
1290;1570
1300;2238
1665;212
2503;245
2842;1618
4376;1513
4936;574
5226;1842
6127;929
6152;1490
6272;1144
6786;2760
7331;672
7412;1697
7917;1698
8745;2085
8921;279
8967;12
10082;699
10356;202
10420;289
10452;218
10741;545
10770;11
10931;199
11350;1553
11368;1299
11605;2449
11753;1599
12301;1008
12594;1799
12662;69
12680;39
13078;1699
15014;123
15532;239
15625;228
15883;1701
16076;278
16873;8
17016;55
17241;2887
17852;205
17909;18
18077;42
19058;30
20701;134
20938;299
21002;1308
21414;227
21428;1099
21489;249
21897;62
22404;5999
22473;169
22474;159
23174;20
23483;218
23699;706
24279;1499
24283;1399
25155;484
25227;10
25429;1975
26203;1079
26680;539
26900;1463
27442;1741
27888;1696
28265;10
28660;221
30011;1399
30605;227
30621;160
31158;2760
31777;121
31988;226
34170;2399
34326;225
34794;39
35465;1992
35719;2770
36156;233
36170;200
36244;159
37775;29
38255;2099
38346;971
38384;1210
38767;2921
39639;45
39689;574
39749;1842
39769;14
40462;285
41144;1670
41236;78
41279;42
41499;1143
41669;76
42077;478
42081;246
42269;148
42746;2400
43451;653
43563;149
43580;21
43585;54
43958;65
44037;1972
44162;2849
44862;40
45279;1207
46295;75
46440;56
47082;504
47126;25
47289;316
48611;675
48982;19
49239;72
49629;856
49946;149
50040;316
50179;184
50597;1319
50603;12
50950;289
50979;229
51474;52
52206;547
52883;15
53070;275
53262;35
53306;2007
53358;313
53930;1392
54249;94
54568;1179
54750;238
55499;2071
55833;158
56018;322
56074;64
56897;982
57035;269
57822;199
57873;59
58620;518
58925;292
60255;53
60295;702
60652;2055
61042;2999
61043;1799
61667;1662
62264;75
62359;60
62658;81
63204;41
63242;159
63255;199
63867;535
64248;64
64721;86
64804;7
65072;1329
65094;378
65796;49
66316;491
66717;190
66721;190
66847;1333
66907;485
67697;80
68331;1177
68779;224
68781;197
69807;940
70835;224
70843;520
71875;182
72009;8999
72884;20
73036;78
73820;330
74642;49
74808;11
74972;1999
75200;73
75531;293
75649;1399
75722;258
75725;128
76254;54
76685;1679
76855;524
76899;65
77789;659
77798;269
77804;399
77809;549
77858;365
78297;634
78721;155
78798;209
78954;1749
80195;1470
80340;445
80867;29
82989;1399
83783;82
85447;9456
87909;1999
89075;8999
89148;373
89342;279
89753;1449
89755;969
91010;112
91179;135
94428;135
95123;317
96024;15
96034;199
97641;297
98124;71
98312;1799
98690;14
99323;142
99594;57
99595;70
100129;2849
100990;204
101499;125
101520;46
101775;37
101866;64
102090;1349
102663;869
103058;79
106457;149
106553;267
106750;2650
106892;338
106904;998
107716;899
107990;1849
108111;1246
109864;10
109964;2849
110052;16
110084;34
110181;142
110250;2999
110949;10
111050;9699
111243;549
111244;399
111525;239
111532;299
113813;28
114943;241
115520;949
115650;1729
117271;1218
117504;75
118521;1399
119172;303
122995;2744
123256;488
123303;213
123463;640
124194;61
124417;246
124450;284
125766;1619
126360;331
128618;1751
128855;1988
129001;256
129220;1249
129794;9
130807;699
132551;5
132974;1729
133806;51
135161;13
135623;207
135657;30
135965;39
138400;532
138512;899
138514;31
139777;1399
140994;28
141207;739
142075;205
142275;1736
144134;199
144482;2213
145028;2984
145409;1167
147136;269
148487;40
149664;527
150695;979
151669;160
151676;93
153825;69
155553;55
157279;73
158389;75
158658;73
159737;2327
160722;19
161725;32
162173;61
163106;24
163304;39
164325;192
164740;1569
165809;69
165888;59
167175;47
167283;71
167810;33
170291;39
171195;59
171827;138
171926;304
172569;21
173402;82
174097;389
174159;25
174372;21
175166;209
175577;121
175647;39
176314;1138
176727;241
177113;30
182202;36
185177;46
186813;28
188102;5090
189480;20
190699;99
190951;1366
196469;31
197806;35
198114;54
198477;17
198675;34
198909;42
198963;105
199200;42
200269;10
202329;44
203338;475
203550;578
205370;34
205901;44
206816;3568
207046;20
207102;59
207364;149
207383;72
208019;48
208148;131
208427;408
208463;240
208968;1115
209414;89
210611;20
210960;490
212154;15
212309;193
212349;1899
215363;241
216549;6
216700;149
216840;103
216975;233
217883;476
219639;189
219671;8999
220538;2399
222326;443
223742;17
223807;468
224304;20
225112;56
226811;13
227382;5999
227631;703
229484;59
229503;1251
229680;1182
230295;12
233598;11
234368;47
234964;1296
235056;727
237009;38
237659;127
240803;356
240950;78
242070;258
242428;34
242831;8999
244294;2299
244982;40
247998;11
248350;49
248359;199
249768;141
250048;59
250060;529
250281;20
251919;2128
251967;62
253295;285
253737;28
253788;10
253825;29
254040;26
256099;243
257651;273
257814;287
258618;126
258727;699
259553;127
259565;45
259751;38
260189;48
260564;149
261291;88
261768;45
261854;13
262124;115
262224;184
262621;5
263032;10
263788;59
264062;24
264593;1136
264718;223
265718;36
265805;277
267437;9
268516;24
269633;168
269656;92
271943;1502
272810;52
272947;51
273001;99
273452;10
274525;64
274726;36
281213;38
283643;200
289989;458
290529;59
290850;45
291291;67
294157;325
294570;1935
294781;54
297123;129
297714;1097
297887;34
297973;18
300567;213
301364;49
304942;62
305903;19
307896;39
307902;24
308456;249
308466;700
310148;50
310851;1179
312106;99
316222;39
316310;29
316428;538
320383;423
321265;18
323422;1299
323917;9
325869;35
325870;250
328544;33
328630;14
328862;15
329034;48
333524;41
334308;1620
335726;1266
337245;73
337632;37
338453;20
338970;252
339204;65
341801;1399
342288;45
342289;65
343623;20
343669;19
344207;52
344633;26
345255;21
345414;56
345477;11
345687;1037
345942;27
346484;899
346828;26
348446;59
349946;82
350248;21
352745;66
353244;155
355685;239
357096;59
359951;1344
361878;24
362028;14
363888;29
364185;44
364302;511
365525;106
365916;17
366420;122
367353;103
367561;343
372105;79
374896;58
375046;381
377256;20
377947;53
378615;96
380098;50
382489;14
386008;35
386815;36
387088;43
387569;34
388445;37
388647;999
390331;77
394443;8
395611;28
395695;119
396432;20
397498;147
397548;31
397553;105
397828;1185
405807;42
406048;699
407498;30
408773;14
409656;1319
412194;326
413610;1206
414266;291
414993;19
415953;50
417323;159
421199;1129
421700;969
422704;139
423587;1230
424494;35
426072;249
429939;44
429995;19
430516;55
433371;111
434193;567
434912;23
435201;14
435439;335
437545;45
438773;2849
439398;267
441188;19
443049;255
444046;1120
444498;30
444799;89
445452;1298
445775;2689
446883;44
449574;197
449685;1709
450008;312
450199;50
450729;8549
450898;59
451949;2941
452404;1565
453299;3
453495;40
453888;19
454843;342
454998;473
455216;116
456516;78
457716;56
459331;1799
462852;19
463991;1422
465447;49
468522;269
472025;17
474456;1896
480764;71
480827;195
481128;2811
481218;1899
482343;143
485176;89
485561;31
486717;34
486882;21
487028;2312
489061;41
489072;62
492451;44
492766;47
493283;28
495502;35
496340;176
496595;220
497891;62
498888;542
501025;187
501518;313
501523;1025
504598;147
504630;65
504653;27
505174;15
505258;16
505380;1847
507269;2703
507276;1686
508486;1382
519852;13
522855;175
524125;226
524288;1699
524672;198
524814;53
524914;43
526109;1149
527735;19
528628;235
531027;153
531503;1954
531732;109
531904;49
532736;1085
535513;37
535634;62
536141;7100
536982;43
538968;2199
539208;2377
539542;2841
543204;1695
546848;55
549132;123
550650;213
551336;1999
553560;6
556886;37
557675;36
557682;37
557991;59
558558;33
559065;224
559368;252
561115;120
563507;997
564088;418
564602;328
565700;234
565807;330
567233;349
567990;42
568433;206
569154;349
569826;449
570736;233
571225;102
572112;6
574876;24
575198;482
575676;16
577870;13
578166;320
578504;132
578886;20
579483;16
580321;9
582000;1675
582057;363
582372;2890
582448;690
582755;450
583583;44
583588;30
587360;261
587855;142
587897;227
588568;1539
589083;49
591063;274
591676;319
591677;500
592142;127
592203;186
592813;1749
594282;41
594802;101
595005;27
595012;755
596116;142
596225;79
596929;4939
598524;1899
598537;2849
599881;2199
600401;919
601025;1699
601051;2899
601988;206
603128;148
604347;10
605090;150
605272;129
607357;470
608444;521
609301;1026
610417;59
610625;135
613855;2099
615017;373
615488;170
615554;48
615787;41
616179;11
616912;978
617112;53
617608;437
621305;39
621703;39
621864;39
622172;76
622815;198
625970;482
626054;49
626696;39
627407;496
629314;231
630087;27
630544;47
630595;168
630598;71
633946;210
634127;56
639697;8
639862;24
641344;127
645969;138
647568;1818
647583;37
649822;323
650621;919
651024;80
651901;2139
652027;1616
652531;39
652739;112
652771;64
652937;37
653205;50
653217;52
655842;101
655858;487
658602;258
659111;761
659204;382
661269;26
663252;144
663340;173
664774;141
667214;108
667434;186
672952;29
675557;19
677058;46
677211;212
677871;29
677877;44
681430;318
683562;29
687252;80
687661;220
688454;540
688608;552
689880;44
690103;43
690391;301
690393;471
690617;102
694276;37
694513;201
694575;368
696035;13
700769;444
703466;199
704122;204
704709;97
707261;1891
707277;38
707406;305
707508;41
707862;317
708146;955
710283;154
710562;27
710779;52
711861;181
712358;160
712364;177
712570;2
712652;136
713014;128
713463;206
714994;1665
716878;41
717594;323
718222;478
718370;331
718388;62
718556;2751
718965;1818
719150;42
720327;50
720351;67
721916;1236
722091;919
722707;305
722787;1818
722803;37
722962;1616
723015;1675
723264;160
723270;178
725519;326
726613;209
728597;53
728615;460
728617;318
732594;458
732690;50
735684;480
738282;208
738328;49
739310;1149
739717;109
740256;35
741154;214
741737;1961
743309;26
744250;205
744426;225
745312;1239
747532;25
748230;264
748561;208
748950;57
750068;65
750961;229
751697;239
752461;1252
753644;7
753926;231
754493;248
754758;220
755540;42
760091;243
760257;61
762626;149
765861;9
766047;12
779832;45
782114;516
782859;264
783603;99
786880;169
787793;62
791495;12
791552;16
791556;28
799491;17
804989;243
807575;138
819199;34
830463;17
830674;484
830675;876
834979;40
835791;63
835813;37
837433;146
840771;252
859889;109
871404;54
876382;38
885821;37
886689;63
934836;214
942081;34
943648;43
945550;22
953672;134
953750;214
961325;2355
962051;3017
962127;38
962793;748
963403;548
965872;255
966027;2649
966048;1359
966050;1349
966204;7999
967683;9
967731;6700
967856;440
967889;699
968417;1729
969503;6999
969571;2259
971428;513
971634;173
972333;5578
980927;478
982841;607
983363;376
985849;201
985979;22
986752;993
988015;35
990892;349
996342;11
996580;114
996585;119
996945;2023
997886;338
997888;461
998126;77
998435;156
999665;119
1000316;278
1000503;65
1000956;1334
1001214;245
1001788;138
1003443;378
1004710;109
1005721;238
1012632;762
1014876;227
1015450;242
1015455;285
1015915;526
1016112;266
1025446;81
1032676;53
1038084;1320
1038217;2575
1038247;1620
1038483;94
1038508;631
1039459;340
1039500;168
1039649;2165
1039845;94
1040208;94
1041258;615
