116;9
462;36
1290;9
1300;87
1665;156
2503;182
2842;9
4376;9
4936;178
5226;70
6127;112
6152;9
6272;223
6786;48
7331;67
7412;9
7917;9
8745;211
8921;186
8967;191
10082;118
10356;156
10420;225
10452;116
10741;178
10770;191
10931;21
11350;120
11368;260
11605;87
11753;9
12301;112
12594;120
12662;25
12680;55
13078;9
15014;146
15532;145
15625;236
15883;93
16076;222
16873;63
17016;218
17241;48
17852;116
17909;269
18077;273
19058;32
20701;212
20938;186
21002;36
21414;31
21428;112
21489;183
21897;179
22404;152
22473;97
22474;128
23174;232
23483;156
23699;19
24279;260
24283;149
25155;69
25227;191
25429;211
26203;112
26680;107
26900;93
27442;246
27888;246
28265;191
28660;156
30011;260
30605;31
30621;128
31158;48
31777;249
31988;31
34170;87
34326;28
34794;133
35465;29
35719;48
36156;272
36170;116
36244;184
37775;95
38255;247
38346;251
38384;18
38767;48
39639;218
39689;178
39749;70
39769;72
40462;282
41144;93
41236;25
41279;263
41499;112
41669;8
42077;142
42081;76
42269;212
42746;87
43451;244
43563;128
43580;56
43585;62
43958;160
44037;29
44162;48
44862;20
45279;18
46295;105
46440;179
47082;178
47126;168
47289;15
48611;244
48982;232
49239;179
49629;38
49946;212
50040;64
50179;227
50597;36
50603;206
50950;186
50979;183
51474;181
52206;67
52883;269
53070;198
53262;51
53306;211
53358;15
53930;260
54249;249
54568;200
54750;53
55499;120
55833;212
56018;183
56074;5
56897;112
57035;228
57822;53
57873;80
58620;197
58925;117
60255;123
60295;19
60652;250
61042;48
61043;9
61667;93
62264;162
62359;207
62658;80
63204;20
63242;127
63255;158
63867;197
64248;25
64721;105
64804;144
65072;93
65094;186
65796;235
66316;126
66717;233
66721;137
66847;36
66907;197
67697;213
68331;223
68779;31
68781;156
69807;112
70835;84
70843;142
71875;220
72009;75
72884;33
73036;105
73820;76
74642;266
74808;4
74972;29
75200;204
75531;117
75649;260
75722;228
75725;94
76254;270
76685;246
76855;126
76899;179
77789;19
77798;117
77804;60
77809;78
77858;124
78297;178
78721;184
78798;40
78954;93
80195;260
80340;107
80867;95
82989;171
83783;245
85447;262
87909;70
89075;75
89148;16
89342;145
89753;93
89755;38
91010;94
91179;128
94428;212
95123;186
96024;157
96034;53
97641;117
98124;141
98312;9
98690;14
99323;220
99594;23
99595;25
100129;48
100990;156
101499;190
101520;180
101775;20
101866;23
102090;1
102663;38
103058;8
106457;127
106553;222
106750;48
106892;186
106904;112
107716;38
107990;93
108111;90
109864;187
109964;48
110052;4
110084;95
110181;146
110250;42
110949;267
111050;262
111243;78
111244;60
111525;227
111532;183
113813;235
114943;44
115520;200
115650;246
117271;155
117504;213
118521;171
119172;268
122995;48
123256;126
123303;40
123463;244
124194;213
124417;272
124450;225
125766;9
126360;15
128618;9
128855;29
129001;76
129220;1
129794;187
130807;178
132551;22
132974;246
133806;55
135161;4
135623;156
135657;2
135965;80
138400;126
138512;38
138514;263
139777;149
140994;115
141207;178
142075;116
142275;171
144134;40
144482;49
145028;48
145409;114
147136;117
148487;55
149664;142
150695;112
151669;205
151676;220
153825;248
155553;105
157279;248
158389;25
158658;179
159737;87
160722;56
161725;163
162173;105
163106;216
163304;256
164325;167
164740;246
165809;213
165888;80
167175;80
167283;141
167810;88
170291;133
171195;234
171827;184
171926;15
172569;278
173402;248
174097;186
174159;144
174372;4
175166;116
175577;203
175647;163
176314;138
176727;116
177113;269
182202;216
185177;180
186813;216
188102;152
189480;161
190699;177
190951;90
196469;168
197806;102
198114;98
198477;278
198675;229
198909;180
198963;172
199200;39
200269;265
202329;266
203338;16
203550;111
205370;130
205901;88
206816;42
207046;253
207102;80
207364;220
207383;141
208019;245
208148;94
208427;16
208463;68
208968;18
209414;162
210611;230
210960;197
212154;125
212309;233
212349;93
215363;268
216549;22
216700;184
216840;94
216975;228
217883;142
219639;158
219671;75
220538;87
222326;197
223742;34
223807;126
224304;201
225112;23
226811;253
227382;254
227631;244
229484;80
229503;277
229680;114
230295;199
233598;191
234368;258
234964;18
235056;244
237009;77
237659;94
240803;135
240950;213
242070;225
242428;161
242831;75
244294;211
244982;266
247998;206
248350;62
248359;21
249768;79
250048;234
250060;142
250281;56
251919;250
251967;177
253295;243
253737;130
253788;72
253825;263
254040;95
256099;282
257651;233
257814;68
258618;275
258727;178
259553;172
259565;20
259751;266
260189;180
260564;203
261291;248
261768;77
261854;191
262124;172
262224;227
262621;22
263032;108
263788;207
264062;33
264593;138
264718;143
265718;180
265805;222
267437;187
268516;33
269633;21
269656;172
271943;90
272810;123
272947;98
273001;172
273452;72
274525;52
274726;20
281213;77
283643;170
289989;142
290529;240
290850;133
291291;25
294157;15
294570;29
294781;133
297123;83
297714;18
297887;279
297973;125
300567;40
301364;62
304942;181
305903;232
307896;133
307902;278
308456;145
308466;178
310148;62
310851;231
312106;97
316222;192
316310;61
316428;259
320383;186
321265;161
323422;1
323917;108
325869;54
325870;239
328544;163
328630;214
328862;154
329034;280
333524;133
334308;93
335726;114
337245;25
337632;55
338453;278
338970;76
339204;213
341801;93
342288;59
342289;85
343623;96
343669;14
344207;102
344633;61
345255;214
345414;179
345477;63
345687;112
345942;150
346484;38
346828;176
348446;266
349946;234
350248;81
352745;192
353244;106
355685;31
357096;276
359951;138
361878;203
362028;206
363888;202
364185;180
364302;197
365525;86
365916;74
366420;234
367353;148
367561;15
372105;8
374896;241
375046;272
377256;56
377947;129
378615;52
380098;62
382489;214
386008;180
386815;133
387088;133
387569;20
388445;59
388647;277
390331;248
394443;208
395611;168
395695;83
396432;109
397498;146
397548;54
397553;275
397828;251
405807;218
406048;118
407498;185
408773;14
409656;90
412194;110
413610;132
414266;243
414993;34
415953;273
417323;25
421199;112
421700;277
422704;28
423587;18
424494;150
426072;145
429939;133
429995;33
430516;181
433371;190
434193;126
434912;56
435201;14
435439;186
437545;59
438773;48
439398;110
441188;56
443049;282
444046;231
444498;226
444799;188
445452;18
445775;242
446883;20
449574;116
449685;247
450008;15
450199;23
450729;75
450898;123
451949;242
452404;9
453299;194
453495;238
453888;253
454843;16
454998;126
455216;215
456516;5
457716;179
459331;9
462852;24
463991;9
465447;55
468522;166
472025;219
474456;90
480764;25
480827;239
481128;48
481218;70
482343;212
485176;174
485561;121
486717;51
486882;230
487028;242
489061;32
489072;81
492451;266
492766;266
493283;130
495502;20
496340;128
496595;21
497891;141
498888;178
501025;227
501518;186
501523;112
504598;104
504630;25
504653;7
505174;74
505258;232
505380;29
507269;48
507276;93
508486;9
519852;191
522855;41
524125;68
524288;70
524672;137
524814;23
524914;133
526109;112
527735;32
528628;68
531027;184
531503;29
531732;190
531904;98
532736;18
535513;7
535634;80
536141;262
536982;266
538968;87
539208;242
539542;48
543204;246
546848;179
549132;190
550650;31
551336;70
553560;187
556886;168
557675;180
557682;59
557991;98
558558;20
559065;156
559368;31
561115;172
563507;112
564088;16
564602;64
565700;116
565807;186
567233;15
567990;133
568433;104
569154;64
569826;169
570736;239
571225;172
572112;187
574876;33
575198;197
575676;121
577870;4
578166;76
578504;212
578886;214
579483;14
580321;63
582000;93
582057;16
582372;48
582448;244
582755;169
583583;165
583588;101
587360;183
587855;212
587897;145
588568;36
589083;266
591063;225
591676;76
591677;142
592142;203
592203;227
592813;70
594282;133
594802;172
595005;32
595012;38
596116;203
596225;80
596929;152
598524;29
598537;48
599881;70
600401;112
601025;93
601051;48
601988;68
603128;212
604347;176
605090;212
605272;94
607357;142
608444;126
609301;251
610417;226
610625;184
613855;247
615017;186
615488;97
615554;280
615787;216
616179;208
616912;112
617112;129
617608;186
621305;59
621703;180
621864;256
622172;80
622815;53
625970;197
626054;62
626696;226
627407;126
629314;225
630087;32
630544;102
630595;128
630598;141
633946;40
634127;204
639697;187
639862;235
641344;203
645969;128
647568;70
647583;165
649822;64
650621;112
651024;215
651901;211
652027;93
652531;201
652739;270
652771;281
652937;102
653205;115
653217;150
655842;172
655858;142
658602;137
659111;244
659204;76
661269;263
663252;97
663340;21
664774;203
667214;94
667434;221
672952;279
675557;109
677058;133
677211;156
677871;279
677877;226
681430;186
683562;130
687252;25
687661;268
688454;197
688608;126
689880;266
690103;133
690391;76
690393;142
690617;94
694276;134
694513;116
694575;76
696035;136
700769;186
703466;239
704122;195
704709;94
707261;70
707277;165
707406;186
707508;133
707862;186
708146;112
710283;104
710562;101
710779;23
711861;21
712358;79
712364;221
712570;22
712652;212
713014;203
713463;68
714994;9
716878;133
717594;64
718222;142
718370;76
718388;80
718556;48
718965;70
719150;133
720327;23
720351;25
721916;18
722091;112
722707;186
722787;70
722803;165
722962;93
723015;9
723264;79
723270;221
725519;64
726613;40
728597;204
728615;142
728617;76
732594;259
732690;181
735684;126
738282;40
738328;163
739310;223
739717;190
740256;99
741154;239
741737;29
743309;130
744250;156
744426;137
745312;114
747532;130
748230;225
748561;137
748950;179
750068;25
750961;31
751697;228
752461;18
753644;208
753926;268
754493;228
754758;31
755540;55
760091;40
760257;23
762626;212
765861;187
766047;74
779832;62
782114;126
782859;225
783603;188
786880;21
787793;105
791495;92
791552;224
791556;66
799491;196
804989;44
807575;128
819199;59
830463;232
830674;69
830675;164
834979;10
835791;105
835813;180
837433;83
840771;110
859889;172
871404;123
876382;276
885821;180
886689;213
934836;68
942081;20
943648;62
945550;269
953672;212
953750;31
961325;242
962051;49
962127;266
962793;38
963403;178
965872;31
966027;48
966048;9
966050;93
966204;75
967683;22
967731;254
967856;107
967889;78
968417;246
969503;262
969571;242
971428;178
971634;21
972333;152
980927;142
982841;118
983363;243
985849;116
985979;56
986752;277
988015;20
990892;64
996342;187
996580;275
996585;172
996945;211
997886;124
997888;259
998126;179
998435;220
999665;275
1000316;268
1000503;213
1000956;90
1001214;76
1001788;97
1003443;186
1004710;190
1005721;31
1012632;164
1014876;156
1015450;212
1015455;282
1015915;126
1016112;225
1025446;248
1032676;98
1038084;9
1038217;48
1038247;93
1038483;25
1038508;142
1039459;225
1039500;203
1039649;93
1039845;105
1040208;80
1041258;197
