116;1699
462;1375
1290;1570
1300;2238
1665;212
2580;517
2842;1618
4376;1513
4936;574
6152;1490
6272;1144
7331;672
7412;1697
8745;2085
8921;279
8941;119
9639;19
10082;699
10356;202
10420;289
10741;545
10770;11
10930;199
10931;199
11056;215
11242;340
11368;1299
11936;971
12272;62
12301;1008
12304;321
12662;69
13078;1699
13123;199
14130;139
14249;18
14326;137
15014;123
15883;1701
16873;8
16973;368
17197;2799
17198;1499
17241;2887
17358;2278
17852;205
17909;18
18077;42
19058;30
19165;3106
20701;134
20938;299
21002;1308
21897;62
22474;159
23483;218
23699;706
24101;31
24279;1499
24842;790
25155;484
25227;10
25429;1975
25629;238
26079;1299
26085;1999
26506;1150
26868;230
27442;1741
27888;1696
28265;10
28660;221
30011;1399
30605;227
30621;160
31158;2760
34170;2399
34326;225
34794;39
35719;2770
36156;233
36244;159
37775;29
38346;971
38350;560
38767;2921
39275;243
39504;319
39689;574
39769;14
40238;200
40462;285
41236;78
41279;42
41499;1143
41669;76
42269;148
43451;653
43580;21
43585;54
43958;65
44119;490
44162;2849
45057;349
45279;1207
45981;132
46295;75
46860;2775
47126;25
47476;141
49629;856
49946;149
50040;316
50179;184
50301;47
50597;1319
50950;289
50979;229
52805;30
52883;15
53070;275
53262;35
53306;2007
53358;313
53930;1392
53986;696
54750;238
55230;45
55499;2071
55803;45
56018;322
56027;8
56074;64
56897;982
57873;59
58620;518
58849;78
59581;699
60255;53
60295;702
61033;1949
61042;2999
62359;60
62658;81
63204;41
63242;159
64061;80
64721;86
64804;7
65330;249
65520;195
65766;60
65796;49
66239;11
66316;491
66717;190
66721;190
66847;1333
67697;80
67948;272
68331;1177
68478;1741
68695;799
68697;1348
68779;224
68781;197
68952;185
69411;47
70443;1362
71633;514
72009;8999
72731;1499
72742;2749
72884;20
73036;78
74642;49
74808;11
75524;1189
75531;293
75649;1399
75722;258
75725;128
76163;699
76254;54
76685;1679
76696;1099
76855;524
76899;65
76945;29
77789;659
77798;269
77804;399
77809;549
77858;365
78578;72
78721;155
78798;209
78954;1749
80867;29
81290;2233
85391;2317
85447;9456
86543;17
87079;54
87909;1999
88359;616
89342;279
89753;1449
89755;969
91032;209
94426;18
94428;135
94465;199
95123;317
95547;229
95643;19
96024;15
96034;199
97641;297
98016;54
98124;71
98434;111
98690;14
99119;72
99323;142
99588;1241
99595;70
100715;647
100990;204
100991;234
101039;11
101499;125
101520;46
101775;37
102090;1349
102663;869
102983;343
103058;79
103916;199
105641;514
106457;149
106750;2650
106892;338
107716;899
109964;2849
110052;16
110084;34
110181;142
111036;699
111525;239
111532;299
112082;231
114826;263
117271;1218
117492;64
120742;200
120925;13
121663;219
122012;24
122995;2744
123303;213
123463;640
123943;113
123992;36
124194;61
124286;170
124417;246
124450;284
125622;76
125629;44
126360;331
126977;200
128004;59
128618;1751
128855;1988
129001;256
129738;43
129794;9
130651;17
130831;299
132046;141
132974;1729
133804;18
133806;51
135161;13
135623;207
135657;30
138514;31
140901;365
140994;28
141207;739
142075;205
142746;69
144134;199
144196;264
144482;2213
145029;1804
145409;1167
145617;44
147136;269
148487;40
149664;527
150429;351
150669;38
151669;160
151676;93
151697;649
152065;36
152687;75
153825;69
156039;79
157279;73
158039;224
158389;75
161725;32
163304;39
164325;192
165888;59
167283;71
167303;24
167810;33
169073;24
170291;39
171926;304
172569;21
173402;82
173574;1998
174097;389
174159;25
174372;21
175647;39
176314;1138
176335;1041
176727;241
176766;52
177113;30
179927;1191
184335;6887
184550;1261
185177;46
185348;2799
186605;49
187424;60
187456;23
189480;20
190951;1366
193210;159
195803;54
196469;31
197806;35
197885;99
198114;54
198477;17
198675;34
198963;105
201384;293
202329;44
203550;578
203712;86
203779;11
203848;168
205370;34
206816;3568
206959;1326
207046;20
207102;59
207364;149
207383;72
207399;155
208019;48
208427;408
208463;240
209414;89
210611;20
212154;15
212195;43
212708;449
213800;23
215633;262
216549;6
216692;99
216700;149
218565;34
219639;189
219975;39
220265;512
220538;2399
222326;443
223742;17
224441;69
225112;56
226811;13
227113;1199
227256;75
227382;5999
227692;1201
229484;59
229503;1251
229680;1182
230295;12
230566;45
230668;135
231417;27
232845;14
233705;152
233807;34
235191;35
236378;35
239426;699
240803;356
240950;78
241802;249
241919;59
242070;258
242218;47
242428;34
243062;4499
243406;373
244294;2299
247998;11
248359;199
248998;1225
249347;29
249768;141
250060;529
250520;668
252890;246
253295;285
253825;29
254040;26
256099;243
257651;273
257809;129
257814;287
258023;44
258618;126
258727;699
259561;53
259565;45
259751;38
259758;45
259766;59
260189;48
260561;417
261768;45
261854;13
262124;115
262224;184
262225;281
262292;281
262621;5
263027;22
263127;256
263788;59
264062;24
264593;1136
265709;34
265718;36
265805;277
266437;71
267437;9
268516;24
269041;28
269566;48
269633;168
271943;1502
272810;52
272947;51
273001;99
273452;10
274281;194
281213;38
283643;200
287443;524
289449;59
289682;254
289989;458
290529;59
290850;45
291291;67
291293;50
294777;381
294781;54
297714;1097
300567;213
301364;49
303846;35
304231;506
304869;59
304942;62
304946;63
305903;19
306401;39
307896;39
307902;24
312106;99
312433;238
312486;243
313595;1649
314131;744
316310;29
316337;20
316428;538
319154;159
320383;423
322302;159
322893;1404
323422;1299
323917;9
324528;24
327856;32
328616;17
328630;14
328636;37
328862;15
329034;48
334274;1029
334308;1620
334542;65
335726;1266
337245;73
337632;37
338039;30
338387;58
338453;20
338970;252
339204;65
341801;1399
342283;239
342289;65
343623;20
344207;52
345407;15
345414;56
345477;11
345687;1037
345942;27
346484;899
348446;59
349828;60
349946;82
350248;21
351100;44
352745;66
353113;69
356330;19
357096;59
359859;1585
361878;24
363888;29
365357;249
365525;106
367353;103
371645;145
371706;199
375046;381
377067;20
377947;53
380098;50
380196;99
382489;14
386060;903
387088;43
390607;42
394443;8
395695;119
396432;20
396659;273
397548;31
397828;1185
405807;42
406045;199
407498;30
408773;14
409656;1319
415953;50
417323;159
421199;1129
421700;969
423587;1230
424131;115
424291;59
424494;35
425426;2
426072;249
427092;1769
428996;36
429338;179
429476;220
433371;111
434193;567
435439;335
437551;232
438486;1899
438488;899
438773;2849
439398;267
444046;1120
444498;30
445305;17
446741;194
446883;44
447420;199
449154;29
449631;200
449685;1709
450199;50
450787;17
451949;2941
451953;292
453299;3
453495;40
453888;19
454998;473
456516;78
457716;56
459331;1799
462851;19
463855;69
463991;1422
468522;269
472025;17
474456;1896
476643;37
477514;38
478880;370
480827;195
481128;2811
481218;1899
482896;45
482989;13
485176;89
485561;31
486717;34
486798;553
492451;44
493983;3
496595;220
497804;242
497891;62
498337;273
498344;648
501025;187
501523;1025
504417;365
504630;65
505258;16
505380;1847
510373;113
519208;253
519852;13
521601;40
522490;71
522893;39
524288;1699
524672;198
524819;59
524914;43
528462;93
528628;235
531027;153
531503;1954
535513;37
536141;7100
538968;2199
539208;2377
539542;2841
541486;38
543204;1695
550158;65
550650;213
552629;43
552645;24
553560;6
556499;145
556886;37
557864;1199
558558;33
559065;224
559368;252
561771;160
563365;236
563507;997
563831;1187
564088;418
565807;330
566496;1729
566594;721
566698;53
567233;349
567990;42
568433;206
569154;349
570736;233
572112;6
574876;24
575198;482
575333;43
575676;16
577468;296
577870;13
578886;20
579434;29
579462;78
580001;215
580321;9
580439;57
580511;32
581654;263
581795;30
582057;363
582372;2890
582448;690
582755;450
582899;75
583588;30
584285;89
587360;261
587855;142
587897;227
588568;1539
589083;49
591676;319
591677;500
592142;127
592203;186
592813;1749
593927;22
594282;41
594802;101
595005;27
595012;755
596072;151
598537;2849
599869;9899
600401;919
601037;1620
601988;206
604347;10
605090;150
605272;129
607899;329
608444;521
609301;1026
610417;59
610625;135
610898;1685
613855;2099
615017;373
615488;170
615554;48
616179;11
617112;53
621305;39
621864;39
622172;76
622815;198
623745;488
626696;39
626884;207
626952;40
627407;496
629286;237
630051;228
630087;27
630510;129
630544;47
630595;168
630598;71
630814;127
631313;26
631647;912
634127;56
635965;667
639681;40
639862;24
640210;604
647583;37
649822;323
650621;919
650722;305
651024;80
651901;2139
652027;1616
652739;112
652937;37
653217;52
656160;37
658602;258
659111;761
659204;382
661269;26
663340;173
664774;141
665085;118
667214;108
667434;186
671808;234
675557;19
677211;212
677871;29
677877;44
683562;29
687119;23
687394;2
687601;31
687661;220
688454;540
689880;44
690103;43
690393;471
690617;102
694002;195
694003;235
694276;37
694513;201
695280;30
696035;13
698335;29
699347;214
700769;444
701366;42
703466;199
704122;204
704643;97
705263;133
707406;305
707508;41
708146;955
708436;19
710283;154
710562;27
710779;52
710798;67
712358;160
712364;177
712404;24
713014;128
713336;39
713463;206
713528;2
714994;1665
716215;484
716624;8
716710;500
716878;41
717594;323
718222;478
718388;62
718556;2751
718965;1818
718981;37
719020;128
720327;50
720351;67
721916;1236
722707;305
722803;37
722962;1616
723015;1675
723264;160
723270;178
725519;326
728134;111
728854;79
731581;972
732594;458
735736;1195
736918;70
739310;1149
740265;240
740847;215
741737;1961
743309;26
743572;145
744250;205
744426;225
745312;1239
747532;25
748230;264
748561;208
748950;57
749251;199
750068;65
751697;239
752461;1252
753639;29
753926;231
754493;248
754758;220
755540;42
760091;243
760257;61
764751;278
765861;9
765970;31
766401;50
773721;19
773790;31
780767;450
780829;651
782114;516
782633;13
782859;264
782887;243
784435;102
789384;16
791495;12
791550;60
791556;28
799491;17
804975;643
804989;243
805361;147
818917;1054
819199;34
830463;17
830675;876
834979;40
835791;63
837433;146
838574;5722
843761;135
869645;43
869659;146
870544;38
882088;259
902089;62
924694;143
934836;214
941929;95
953670;37
953672;134
953794;17
961013;2252
961018;1799
961325;2355
961379;7125
962793;748
964582;52
965867;226
965872;255
966178;1395
966204;7999
967731;6700
967856;440
968476;999
969503;6999
969550;9297
969571;2259
971428;513
972333;5578
972764;1341
974458;1650
975980;40
979459;62
982897;25
984296;34
987378;349
987920;978
988015;35
996256;337
996505;121
997886;338
997888;461
998032;66
998126;77
1000316;278
1000595;136
1000956;1334
1001214;245
1001519;500
1001788;138
1004706;41
1004710;109
1005721;238
1012632;762
1014876;227
1015450;242
1015915;526
1016112;266
1025446;81
1032329;58
1034604;96
1038084;1320
1038217;2575
1038247;1620
1038248;780
1038508;631
1038509;437
1039410;3581
1039459;340
1039632;265
1039649;2165
1039845;94
1040055;363
1040208;94
1040520;296
1040676;447
1041258;615
