116;9
462;36
1290;9
1665;156
2485;156
2495;116
2580;178
2838;93
2842;9
5226;70
6272;223
7409;38
7917;9
8745;211
8921;186
8967;191
9639;33
10356;156
10420;225
10741;178
10770;191
10930;170
10931;21
11056;145
11242;183
11605;87
12272;204
12304;186
12680;55
13078;9
14130;212
14249;176
14326;184
15014;146
16193;76
16873;63
17016;218
17197;242
17241;48
17358;242
17852;116
18068;203
18077;273
18157;260
18831;18
19058;32
19064;81
19165;242
20893;32
20938;186
21002;36
21414;31
21428;112
21489;183
21897;179
22404;152
22473;97
23174;232
23448;31
23483;156
23699;19
24279;260
24283;149
25026;242
25155;69
25629;31
26085;120
26156;242
26506;18
26622;266
26680;107
26687;19
27442;246
28265;191
28660;156
29945;183
30011;260
30979;246
31158;48
32560;93
34170;87
34794;133
35465;29
35719;48
36156;272
36170;116
36244;184
37565;249
38346;251
38350;111
38384;18
38767;48
39275;31
39504;186
40238;53
40462;282
41669;8
42269;212
43512;101
43563;128
43585;62
43958;160
44037;29
44119;178
44162;48
45057;16
45377;251
46295;105
46440;179
46582;137
47126;168
48611;244
50179;227
50597;36
50654;64
50950;186
50979;183
51474;181
52883;269
53070;198
53262;51
53358;15
53930;260
53986;19
54568;200
54750;53
55230;33
55499;120
55833;212
56074;5
57035;228
57822;53
57873;80
58620;197
58849;80
58925;117
60295;19
60652;250
61042;48
61667;93
62264;162
62359;207
62658;80
63204;20
63255;158
64248;25
64721;105
65072;93
65094;186
65330;182
65520;40
65766;105
65796;235
66239;187
66717;233
66907;197
67079;61
67589;23
67610;25
67651;203
67695;181
67697;213
67846;133
68331;223
68695;38
68697;93
68781;156
68952;227
69374;242
69411;241
69580;182
69807;112
70443;9
70480;48
70539;24
70843;142
72731;93
72742;48
73811;142
73820;76
74808;4
74972;29
75200;204
75374;112
75524;200
75531;117
75649;260
75722;228
76163;19
76254;270
76945;33
77798;117
77809;78
77858;124
78578;248
78721;184
80195;260
80340;107
82989;171
83783;245
85391;242
85447;262
86372;75
87079;179
88359;67
89075;75
89148;16
89342;145
89755;38
91032;31
91179;128
91507;260
91540;156
94629;123
95123;186
95547;53
95561;226
95643;121
98016;23
98411;20
99119;62
99595;25
99913;34
100129;48
100167;212
100627;95
100715;111
101039;224
101498;10
101499;190
101775;20
101866;23
105641;197
106553;222
106892;186
106904;112
107716;38
107990;93
108111;90
109481;95
109864;187
110084;95
110250;42
110949;267
111036;132
111050;262
111525;227
111532;183
112082;76
113813;235
114826;268
114943;44
115044;142
115679;112
116550;64
116753;42
118521;171
119172;268
120925;103
121224;76
121663;156
123256;126
124194;213
124286;97
124417;272
124911;222
125622;179
125629;77
125766;9
126360;15
128004;129
129001;76
129738;55
129794;187
130651;278
130807;178
130831;145
131509;212
132045;221
132046;79
132974;246
133806;55
134791;215
135623;156
135657;2
135965;80
137719;40
138295;272
138400;126
138514;263
139777;149
140901;76
141207;178
142075;116
142907;212
144196;222
144233;163
144290;80
147193;142
147364;76
148487;55
149664;142
150669;7
151697;58
152687;25
155916;215
158039;40
159634;100
160714;128
161725;163
162173;105
164740;246
165809;213
165888;80
167283;141
168995;247
171195;234
171827;184
171926;15
172620;31
173153;231
173402;248
173574;120
174097;186
174159;144
174372;4
175157;216
175166;116
175577;203
176766;55
179927;36
185177;180
185357;9
186605;280
186813;216
187467;234
188716;116
189480;161
189481;280
189927;172
190699;177
191014;123
191515;20
192282;80
195803;98
197268;172
197806;102
197885;205
198477;278
198675;229
198963;172
200269;265
202225;48
202329;266
203338;16
203550;111
203712;248
203779;191
204735;259
205370;130
205901;88
206816;42
207102;80
207364;220
207383;141
207399;203
208019;245
208148;94
208427;16
208463;68
209792;201
210960;197
212154;125
212195;59
212309;233
212349;93
212492;182
212708;107
215363;268
215633;225
216549;22
216613;204
216700;184
216975;228
219671;75
220932;146
222326;197
222329;82
222822;164
223054;278
223742;34
223807;126
224441;270
225112;23
225937;203
226811;253
227113;18
227382;254
229503;277
230295;199
231417;230
232845;206
233207;84
233221;268
233598;191
233705;104
234368;258
234964;18
235191;54
237009;77
237659;94
239426;118
240803;135
241802;261
242448;127
242831;75
244121;204
244982;266
247637;181
247998;206
248350;62
248359;21
248998;90
249347;7
249601;223
249768;79
250060;142
250281;56
250520;244
251919;250
252889;233
253295;243
253793;41
253825;263
255440;187
257651;233
257809;175
257814;68
257950;137
259553;172
259561;57
259751;266
260564;203
261768;77
262174;123
262224;227
262292;41
263127;222
263788;207
264062;33
264718;143
265709;10
269041;157
269656;172
271943;90
272947;98
273001;172
273156;59
273902;195
274281;239
274525;52
274726;20
280138;49
281213;77
282542;68
283643;170
286658;263
287443;142
289449;129
289682;268
290850;133
291291;25
291293;23
294570;29
294781;133
296733;62
297123;83
299279;132
301364;62
303846;81
304231;142
304869;80
304942;181
304946;80
307896;133
308466;178
310148;62
310851;231
310961;97
311978;142
312106;97
312433;156
313595;9
315637;116
316222;192
316228;63
316310;61
316428;259
320383;186
321265;161
322302;128
322893;36
325869;54
327856;20
328544;163
328616;61
328630;214
328636;102
333524;133
334274;38
334542;88
337245;25
338039;133
338387;80
338453;278
340226;213
341736;39
341801;93
343623;96
344207;102
345255;214
345407;267
345414;179
345474;208
345687;112
346484;38
346828;176
349828;181
351100;229
352728;257
352745;192
355685;31
356330;136
357096;276
361878;203
362028;206
363888;202
364185;180
364302;197
364780;31
365357;156
365916;74
368267;181
371706;156
375046;272
377067;154
377256;56
377947;129
380098;62
380196;179
382489;214
386008;180
386060;67
386815;133
387569;20
388445;59
388919;54
395611;168
397498;146
397828;251
398418;230
404446;34
407498;185
408773;14
409656;90
413459;144
415953;273
417323;25
421199;112
424131;172
424291;276
424494;150
427092;120
429476;84
429939;133
429995;33
430516;181
434193;126
434912;56
434959;272
435201;14
435439;186
435942;124
437545;59
438488;38
438773;48
444497;279
444799;188
445775;242
447605;83
449574;116
450199;23
450729;75
450787;269
450898;123
451949;242
451953;117
453299;194
454998;126
455216;215
456516;5
459331;9
460562;23
462851;154
463855;270
463991;9
465447;55
468522;166
480764;25
481128;48
482343;212
482348;121
482989;219
485187;103
485561;121
486650;143
486717;51
486798;15
487028;242
488966;64
489061;32
489072;81
492451;266
493283;130
493367;266
493983;22
495502;20
496340;128
496635;97
497804;145
497891;141
498344;67
501025;227
501518;186
501523;112
504417;76
504653;7
504682;251
505258;232
505380;29
506808;44
507276;93
508314;70
514312;145
515366;178
516992;182
524125;68
524288;70
524672;137
524819;179
527735;32
527905;152
528462;94
528628;68
528648;172
528714;197
531648;10
531732;190
531904;98
532736;18
534897;25
535510;165
535634;80
536169;242
536251;233
541486;55
543204;246
549132;190
551336;70
552072;36
552280;53
552629;10
552645;130
553560;187
553867;244
555331;57
556886;168
557675;180
557864;18
557991;98
558558;20
559065;156
559368;31
563507;112
564602;64
565700;116
566496;246
566594;67
566698;5
567233;15
567990;133
568433;104
569826;169
570654;54
572112;187
574876;33
575333;266
575510;121
575676;121
577468;225
577870;4
578166;76
578504;212
580321;63
580439;179
580511;61
581654;222
581795;163
582000;93
582057;16
582448;244
582755;169
582899;241
583588;101
584285;174
587855;212
588547;269
591063;225
591676;76
591677;142
592203;227
592808;87
592813;70
594282;133
594802;172
595005;32
595012;38
596072;212
596116;203
596321;74
596519;156
596929;152
598537;48
599869;75
600401;112
601025;93
601037;9
601051;48
601988;68
602111;105
603128;212
605272;94
607357;142
607899;15
609066;191
609301;251
610417;226
610898;70
615554;280
615787;216
616912;112
617112;129
621864;256
622815;53
626696;226
626884;189
626952;7
627407;126
628538;211
629286;268
629314;225
630051;44
630510;146
630544;102
630595;128
631313;32
631647;231
635965;244
639697;187
640210;111
640374;267
641573;66
647568;70
647583;165
649822;64
650621;112
651024;215
651894;152
651901;211
652771;281
653205;115
655842;172
655858;142
658828;4
659111;244
661269;263
661302;31
663340;21
665085;94
667214;94
667282;79
667434;221
671808;40
672952;279
675557;109
675627;102
677058;133
677207;31
677877;226
681430;186
683562;130
687119;121
687252;25
687394;22
687595;226
687601;279
687661;268
688454;197
688532;14
688618;179
690103;133
690391;76
690393;142
693996;221
694513;116
694575;76
699347;156
701366;256
704709;94
705263;203
707508;133
707630;48
707862;186
708436;253
708993;223
710283;104
710798;25
710983;179
712364;221
712652;212
713336;7
713463;68
713528;22
716215;126
716624;187
717594;64
718143;204
718222;142
718370;76
718965;70
718981;165
719020;203
719125;40
719150;133
722091;112
722707;186
722962;93
723015;9
723264;79
723270;221
725519;64
726394;116
726613;40
727751;118
727917;80
728134;146
728854;248
728941;80
732690;181
735736;223
739310;223
740847;116
741154;239
743046;179
743309;130
743572;203
744250;156
747532;130
748233;268
748561;137
748672;179
748950;179
749251;116
750068;25
750961;31
752361;133
752461;18
753639;192
753911;99
753926;268
754072;149
754493;228
755540;55
757839;77
760091;40
762626;212
763245;50
765861;187
765970;235
766047;74
766401;218
773721;74
779832;62
782114;126
782376;113
782633;66
782859;225
782887;268
782929;99
783141;104
783171;44
787793;105
789301;97
789384;56
791550;270
791556;66
796211;218
799491;196
804975;67
804989;44
805465;104
807575;128
818917;231
823668;208
830463;232
834976;20
835813;180
838574;152
842627;87
859889;172
869659;212
871404;123
876382;276
886689;213
902089;179
924694;97
934836;68
935313;14
945085;97
945550;269
948795;40
953670;55
953750;31
953753;156
953763;179
953766;133
953794;230
961013;87
962051;49
962191;70
964582;129
965867;272
965868;156
966027;48
966048;9
966050;93
966178;9
966990;56
967889;78
968417;246
969368;50
969503;262
969550;75
971634;21
972333;152
974458;223
975980;62
980170;93
982897;95
983363;243
984295;59
985849;116
990892;64
996256;15
996585;172
996945;211
997886;124
998032;80
998375;191
998414;222
998435;220
999665;275
1000316;268
1000503;213
1000595;203
1000629;239
1000899;25
1000956;90
1001214;76
1001519;197
1001788;97
1001792;128
1001824;253
1004706;180
1005721;31
1012632;164
1014876;156
1025446;248
1032329;123
1032676;98
1034604;172
1038248;38
1038603;29
1039410;48
1039459;225
1039632;156
1039649;93
1040055;268
1040521;233
1041258;197
