116;1699
1290;1570
1300;2238
2485;203
2495;202
2838;1821
4376;1513
4936;574
5226;1842
6127;929
6152;1490
7331;672
7917;1698
9542;174
9639;19
10082;699
10356;202
10452;218
10741;545
10930;199
10931;199
11056;215
11242;340
11368;1299
11605;2449
11753;1599
11936;971
12272;62
12594;1799
12680;39
13078;1699
13123;199
13451;497
14249;18
14326;137
15014;123
15063;44
15532;239
15883;1701
16076;278
16870;46
16873;8
16973;368
17016;55
17198;1499
17241;2887
17358;2278
17852;205
18068;140
18077;42
18831;1041
19165;3106
19172;1284
21414;227
22404;5999
22473;169
23448;236
23702;6770
24101;31
24204;1324
24279;1499
24842;790
24878;269
25631;213
26085;1999
26506;1150
26622;44
26680;539
26687;699
26868;230
28265;10
28660;221
30011;1399
30605;227
30621;160
30979;1679
31988;226
32560;1559
34326;225
35719;2770
37565;188
37775;29
38255;2099
38384;1210
38767;2921
39689;574
40238;200
40462;285
41144;1670
41236;78
41279;42
41499;1143
41669;76
41931;231
42081;246
42746;2400
43451;653
43512;35
43580;21
43958;65
44037;1972
44162;2849
45057;349
45279;1207
45377;981
46440;56
46582;193
47082;504
47126;25
47289;316
48490;576
48611;675
48982;19
49239;72
49946;149
50179;184
50301;47
50603;12
50654;342
51474;52
52206;547
52223;75
52805;30
52883;15
53306;2007
53986;696
54249;94
54568;1179
54750;238
55230;45
55499;2071
56018;322
56074;64
56509;1299
57035;269
57873;59
58620;518
58849;78
58925;292
59581;699
60255;53
60295;702
60652;2055
61033;1949
62264;75
63204;41
63242;159
63867;535
64061;80
64248;64
64804;7
65072;1329
65094;378
65520;195
66239;11
66721;190
66847;1333
67079;18
67589;71
67846;55
68478;1741
68697;1348
68779;224
68781;197
69374;2799
69580;249
69807;940
70480;2598
70835;224
70843;520
71125;1728
71875;182
72009;8999
72742;2749
72884;20
73036;78
74808;11
74972;1999
75200;73
75374;997
75524;1189
75531;293
75649;1399
75722;258
76254;54
76696;1099
76855;524
76899;65
76945;29
77789;659
77804;399
77809;549
78578;72
78721;155
78954;1749
81290;2233
86372;8999
86543;17
87079;54
87909;1999
88359;616
89342;279
89753;1449
89755;969
91010;112
91032;209
91540;189
94426;18
94924;56
95643;19
96034;199
98016;54
98124;71
98312;1799
98411;40
98690;14
99588;1241
100129;2849
100167;141
100715;647
100990;204
100991;234
101520;46
102090;1349
102663;869
102983;343
103058;79
103916;199
105355;27
105641;514
106553;267
106750;2650
106892;338
106904;998
109864;10
109964;2849
110052;16
110181;142
110250;2999
111243;549
111525;239
111532;299
112082;231
114826;263
115044;509
115650;1729
115679;1085
116550;365
116753;2999
117271;1218
117504;75
118521;1399
118847;144
119172;303
120742;200
120925;13
121224;277
121663;219
122012;24
123256;488
123303;213
124194;61
125622;76
125629;44
128004;59
128618;1751
128855;1988
129001;256
129220;1249
129865;30
130651;17
131509;149
133804;18
133806;51
135623;207
135657;30
137719;215
138400;532
140901;365
141207;739
142075;205
142275;1736
142746;69
142907;132
144196;264
144482;2213
144487;1743
145028;2984
147136;269
149664;527
150669;38
151669;160
151676;93
152065;36
152687;75
153825;69
155553;55
156039;79
158389;75
158658;73
160714;139
160722;19
161725;32
162173;61
163106;24
163304;39
165584;2699
167175;47
167283;71
171827;138
171926;304
172620;261
173153;849
173402;82
173574;1998
174097;389
174372;21
175166;209
175577;121
175647;39
176335;1041
176727;241
182202;36
184217;12
185177;46
186605;49
187424;60
189480;20
190951;1366
191014;62
191515;39
192282;70
194658;21
195803;54
197268;124
197806;35
197878;149
197885;99
198114;54
198191;1206
198477;17
198909;42
199200;42
200269;10
202225;2890
203550;578
203779;11
204735;533
206816;3568
206959;1326
207102;59
207364;149
207383;72
208019;48
208148;131
208463;240
209414;89
209792;20
210960;490
212154;15
212195;43
212492;249
212708;449
213800;23
215363;241
215633;262
216549;6
216613;85
216692;99
216700;149
216840;103
217883;476
218565;34
220265;512
220932;135
222326;443
222329;1666
222822;878
223054;17
224304;20
224441;69
225937;129
226811;13
227113;1199
227256;75
227382;5999
227631;703
227692;1201
229484;59
229503;1251
230295;12
230566;45
233598;11
234368;47
234964;1296
235056;727
235191;35
236378;35
237009;38
237659;127
239426;699
240803;356
240950;78
241919;59
242428;34
242448;169
242831;8999
243062;4499
244121;84
244294;2299
244982;40
247637;58
247998;11
248350;49
248998;1225
249347;29
249601;1219
250048;59
250281;20
251919;2128
252889;246
252890;246
253788;10
253825;29
254040;26
256099;243
257814;287
257950;273
258023;44
258450;125
258618;126
259553;127
259751;38
259758;45
259766;59
260189;48
260561;417
260564;149
261854;13
262124;115
262174;61
262225;281
263027;22
263032;10
263127;256
263788;59
264593;1136
265718;36
266437;71
267437;9
268516;24
269566;48
269633;168
271943;1502
272681;54
272810;52
273001;99
273902;205
274281;194
274525;64
274726;36
280138;2129
281213;38
281325;58
283643;200
285523;1692
287443;524
289682;254
289989;458
290850;45
291291;67
296733;43
297123;129
297714;1097
297887;34
299279;899
303846;35
304231;506
304869;59
304942;62
305903;19
307896;39
307902;24
308456;249
312433;238
312486;243
313595;1649
315637;215
316222;39
316228;8
316337;20
316428;538
319154;159
320383;423
321265;18
323422;1299
324528;24
325869;35
328544;33
328558;70
328630;14
328636;37
328862;15
333524;41
334308;1620
334542;65
338039;30
338387;58
338453;20
340226;144
341736;53
341801;1399
342288;45
344207;52
344636;29
345255;21
345407;15
345414;56
345474;11
345477;11
345687;1037
345942;27
346484;899
349946;82
350248;21
352745;66
353113;69
353244;155
355685;239
362028;14
364302;511
364780;267
365357;249
365525;106
365916;17
367353;103
367561;343
371645;145
372105;79
374896;58
375046;381
377067;20
377256;20
378777;249
382489;14
386060;903
387088;43
388445;37
388647;999
390331;77
390607;42
395611;28
396658;273
396659;273
397498;147
397553;105
397828;1185
398418;24
404446;15
405807;42
406048;699
407498;30
409463;262
412016;1497
412194;326
413459;24
413610;1206
414993;19
417323;159
421199;1129
421700;969
422917;36
423587;1230
425426;2
426072;249
427092;1769
429476;220
429939;44
430516;55
432597;164
434912;23
435201;14
435439;335
435942;376
437551;232
438486;1899
439398;267
441188;19
443049;255
445305;17
445452;1298
445775;2689
446741;194
447420;199
447605;112
449154;29
449574;197
449685;1709
450008;312
450199;50
450729;8549
450898;59
451949;2941
452404;1565
453299;3
453495;40
453888;19
454843;342
454998;473
455216;116
455321;43
457716;56
462851;19
462852;19
463855;69
463991;1422
465447;49
468522;269
477514;38
478880;370
480827;195
482343;143
482896;45
482989;13
485176;89
485561;31
486650;165
486717;34
486798;553
486882;21
489061;41
489072;62
492451;44
495502;35
495606;36
496340;176
496595;220
496635;187
497891;62
498337;273
498344;648
498888;542
501025;187
501518;313
501523;1025
504598;147
504682;967
505174;15
506808;238
507269;2703
507276;1686
508314;1851
513637;41
514312;206
519852;13
521601;40
522855;175
522893;39
524125;226
524288;1699
524672;198
524814;53
524819;59
526109;1149
527905;5266
531027;153
531503;1954
531648;39
531904;49
535510;39
535634;62
536141;7100
536982;43
538968;2199
539208;2377
539542;2841
543204;1695
546848;55
549132;123
550158;65
552280;248
552629;43
552645;24
553867;612
555331;53
556886;37
557991;59
558558;33
559368;252
561115;120
563365;236
563507;997
563831;1187
564088;418
565700;234
565807;330
566496;1729
566594;721
566633;59
567233;349
567990;42
568433;206
568460;57
569154;349
569826;449
570736;233
571225;102
572112;6
575198;482
575676;16
579434;29
579483;16
580001;215
580511;32
581795;30
582000;1675
582057;363
582448;690
582899;75
583588;30
584285;89
587897;227
588547;17
588568;1539
591063;274
592142;127
592203;186
593927;22
595005;27
595012;755
596321;16
596519;225
598306;253
598524;1899
598537;2849
599869;9899
600401;919
601025;1699
601037;1620
604347;10
605090;150
605272;129
607357;470
608444;521
609066;13
609301;1026
610417;59
610898;1685
615554;48
615787;41
616179;11
616912;978
617608;437
621864;39
622815;198
623745;488
625970;482
626054;49
626696;39
626710;491
626884;207
628538;2035
629286;237
629314;231
629836;37
630051;228
630087;27
630544;47
630595;168
630598;71
630814;127
631647;912
633946;210
635965;667
639681;40
639697;8
640210;604
640374;14
641344;127
645967;147
650621;919
651901;2139
652531;39
652739;112
653205;50
653217;52
655842;101
655858;487
656160;37
658602;258
658828;13
659111;761
659204;382
661269;26
661304;202
663340;173
664774;141
667434;186
675557;19
675627;36
675771;19
677211;212
677871;29
681430;318
683562;29
687252;80
687394;2
687661;220
688454;540
689880;44
690103;43
690393;471
693996;185
694003;235
694276;37
694513;201
695280;30
696035;13
699347;214
700769;444
701366;42
703466;199
704643;97
704709;97
707277;38
707406;305
707508;41
707630;2760
707862;317
710779;52
711861;181
712364;177
712404;24
712841;59
713014;128
713463;206
714994;1665
716215;484
716624;8
716710;500
717594;323
718388;62
718556;2751
718981;37
719125;217
721916;1236
722091;919
722803;37
722962;1616
723264;160
723270;178
727917;68
728597;53
728615;460
728941;59
732594;458
732690;50
735684;480
735736;1195
736918;70
737394;27
738328;49
740256;35
742570;213
744423;225
745312;1239
747532;25
748230;264
748672;71
748950;57
749251;199
750068;65
750961;229
751697;239
752361;50
752461;1252
753639;29
753644;7
753911;34
753926;231
754758;220
755540;42
760257;61
762626;149
763245;153
764751;278
765861;9
765970;31
766401;50
773790;31
782376;1356
782633;13
782887;243
782929;34
783141;208
784435;102
786880;169
787793;62
789301;154
789384;16
791495;12
791550;60
791556;28
796211;52
799491;17
804975;643
805361;147
805465;146
807575;138
830463;17
830674;484
830675;876
834976;40
834979;40
835791;63
837433;146
838574;5722
840771;252
843761;135
859889;109
869645;43
869659;146
871404;54
876382;38
885821;37
886689;63
915820;37
924694;143
935313;12
941929;95
943648;43
953670;37
953763;55
953766;40
961002;2776
961013;2252
961018;1799
961379;7125
962051;3017
962127;38
962191;1789
962793;748
963403;548
964582;52
965867;226
966027;2649
966050;1349
966980;49
967683;9
967889;699
968476;999
969503;6999
969550;9297
971428;513
973109;709
974458;1650
975980;40
979459;62
980170;1639
982841;607
983363;376
984295;45
985849;201
985979;22
987378;349
990386;42
996505;121
996580;114
996585;119
996945;2023
997886;338
997888;461
998126;77
1000316;278
1000503;65
1000956;1334
1001519;500
1001792;130
1003443;378
1004706;41
1004710;109
1012631;404
1015450;242
1015455;285
1015915;526
1016112;266
1032329;58
1032676;53
1034604;96
1038248;780
1038508;631
1038509;437
1038603;2322
1039500;168
1039632;265
1040055;363
1040208;94
1040521;296
1040676;447
1041258;615
