462;36
1286;48
1290;9
1665;156
2485;156
2495;116
2503;182
2580;178
2842;9
4376;9
4936;178
5226;70
6786;48
7331;67
7409;38
7917;9
8745;211
8921;186
9542;53
10356;156
10420;225
10452;116
10741;178
10770;191
11056;145
11368;260
11753;9
12301;112
12662;25
12680;55
13078;9
13451;107
14249;176
14326;184
15014;146
15063;266
15532;145
15883;93
16076;222
16193;76
16870;165
17197;242
17909;269
18077;273
18157;260
18831;18
19064;81
19165;242
19172;260
20938;186
21002;36
21414;31
21428;112
21489;183
22404;152
22473;97
22474;128
23174;232
23448;31
23483;156
23702;254
24101;130
24204;36
24279;260
24283;149
25026;242
25155;69
25227;191
25629;31
25631;156
26203;112
26506;18
26622;266
26687;19
26900;93
27442;246
27888;246
28265;191
28660;156
30011;260
30605;31
30621;128
31158;48
31777;249
35719;48
37565;249
37775;95
38255;247
38346;251
38350;111
39275;31
39504;186
39769;72
40238;53
40462;282
41236;25
41279;263
41499;112
42081;76
42269;212
43563;128
43585;62
43958;160
44037;29
44119;178
45279;18
45981;83
46295;105
46582;137
46860;48
47082;178
47289;15
47476;127
48611;244
49946;212
51474;181
52223;179
52805;161
53070;198
53262;51
53306;211
53986;19
54249;249
54568;200
54750;53
55230;33
55499;120
55803;266
55833;212
56020;227
56074;5
56897;112
57873;80
58620;197
59581;178
60255;123
60652;250
61043;9
61667;93
62264;162
62359;207
62658;80
63867;197
64721;105
65094;186
65171;40
66239;187
66316;126
66717;233
66721;137
66847;36
67079;61
67610;25
67846;133
67948;225
68331;223
68697;93
68781;156
68952;227
70480;48
70539;24
70843;142
71125;9
71875;220
72009;75
72731;93
72742;48
73036;105
73811;142
74642;266
74972;29
75374;112
75524;200
75531;117
75725;94
76254;270
76899;179
76945;33
77789;19
77798;117
77804;60
77809;78
77858;124
78578;248
78954;93
80195;260
80867;95
81290;87
83783;245
85447;262
86372;75
86543;187
89148;16
89342;145
89753;93
91032;31
91507;260
91540;156
91739;109
94490;179
94629;123
94924;98
95123;186
95547;53
96024;157
96034;53
98124;141
98312;9
98411;20
99115;129
99119;62
99588;114
99594;23
99595;25
100574;242
100715;111
100990;156
101039;224
101498;10
101520;180
101775;20
101866;23
102663;38
102983;64
103916;53
106457;127
106750;48
106904;112
107716;38
109481;95
110084;95
110250;42
111036;132
111050;262
111243;78
111244;60
111525;227
113299;214
114826;268
115044;142
115679;112
117271;155
117492;179
117504;213
118257;189
121224;76
121663;156
122995;48
123256;126
123463;244
123943;146
123992;165
124194;213
124286;97
124417;272
124911;222
126360;15
128004;129
128618;9
129220;1
129738;55
129794;187
129865;54
130651;278
130807;178
132046;79
132551;22
132974;246
135161;4
135623;156
135657;2
135965;80
138295;272
138400;126
138512;38
138514;263
140901;76
140994;115
141207;178
142275;171
142746;8
142907;212
144290;80
145029;93
145617;133
147193;142
147364;76
148487;55
149664;142
150695;112
151669;205
152065;134
152074;23
152687;25
153825;248
155916;215
157279;248
158039;40
158658;179
159634;100
159737;87
160714;128
161725;163
162173;105
163106;216
163304;256
164740;246
165584;242
165809;213
165888;80
167283;141
167303;201
167810;88
170291;133
171827;184
171926;15
172620;31
173402;248
173574;120
174097;186
174159;144
175166;116
175403;187
175647;163
176314;138
176335;274
176727;116
176766;55
177113;269
179927;36
182202;216
184550;171
185177;180
185348;48
185357;9
186605;280
187424;148
187456;2
189480;161
189481;280
190699;177
190951;90
191014;123
191515;20
192282;80
194658;4
196469;168
197268;172
197885;205
198909;180
198963;172
199200;39
202225;48
202329;266
203338;16
203779;191
203848;212
204735;259
205370;130
205901;88
206959;223
207102;80
207383;141
207399;203
208463;68
209414;162
209792;201
210191;189
210611;230
212154;125
212195;59
212309;233
212349;93
212492;182
212708;107
213800;130
216549;22
216700;184
216840;94
218565;281
219639;158
219671;75
220265;126
223054;278
224441;270
225937;203
226811;253
227382;254
227631;244
227692;18
229503;277
231417;230
233207;84
233807;51
234368;258
234964;18
235056;244
235191;54
237009;77
237659;94
239426;118
240803;135
240950;213
242070;225
242428;161
242448;127
242831;75
243062;152
243406;15
244121;204
244294;211
244297;70
244982;266
247637;181
247998;206
248350;62
248359;21
249347;7
249768;79
250048;234
250060;142
250281;56
250520;244
251967;177
252889;233
252890;137
253295;243
253737;130
253788;72
253793;41
253825;263
254040;95
255261;116
257809;175
257814;68
257950;137
258023;273
258450;190
259758;10
260561;16
261854;191
262124;172
262224;227
262225;183
262292;41
263127;222
263788;207
264062;33
264718;143
265709;10
265718;180
265805;222
266437;162
267437;187
268516;33
269041;157
269633;21
269656;172
271943;90
272681;181
272810;123
274281;239
274525;52
274726;20
280138;49
281325;181
282542;68
283643;170
285523;223
286658;263
290529;240
291291;25
294157;15
294570;29
297123;83
297973;125
301364;62
303846;81
304231;142
304869;80
304942;181
304946;80
305903;232
310961;97
312433;156
312486;31
314131;244
315637;116
316228;63
316310;61
316337;214
316428;259
322893;36
324528;229
325869;54
328544;163
328616;61
328862;154
333524;133
334274;38
334308;93
334542;88
336020;24
337632;55
338039;133
338387;80
338453;278
340226;213
341736;39
341801;93
342283;195
342288;59
343623;96
343669;14
344207;102
344636;281
345255;214
345474;208
345477;63
345942;150
346484;38
346787;93
346828;176
348446;266
349828;181
349946;234
351100;229
352728;257
353113;276
353244;106
355685;31
359859;9
361878;203
362028;206
364780;31
365357;156
365525;86
367353;148
367561;15
368267;181
372105;8
374896;241
375046;272
377067;154
377256;56
378615;52
382489;214
386008;180
386815;133
388647;277
390331;248
394443;208
396659;137
397498;146
397553;275
398418;230
405807;218
406045;53
407498;185
408773;14
409656;90
413459;144
413610;132
414266;243
414993;34
417323;25
421700;277
422917;165
423587;18
424131;172
424494;150
425426;187
426072;145
428996;27
429476;84
429939;133
429995;33
432597;143
433371;190
434959;272
435201;14
435439;186
435942;124
437551;239
438486;93
438488;38
438773;48
439398;110
441188;56
443049;282
444046;231
444497;279
444498;226
444799;188
445305;278
445775;242
446883;20
447420;170
447605;83
449574;116
449631;272
449685;247
450008;15
450729;75
450898;123
451949;242
452404;9
453495;238
454998;126
455321;256
455411;240
456516;5
459331;9
462852;24
463855;270
465447;55
468522;166
474456;90
476643;54
481128;48
481218;70
482343;212
482348;121
485561;121
486650;143
486688;188
486717;51
486882;230
487028;242
490311;178
492604;18
493283;130
497804;145
498888;178
501518;186
501523;112
504598;104
504653;7
505174;74
505380;29
508314;70
508486;9
510373;172
514312;145
515366;178
522893;165
524125;68
524288;70
524672;137
526109;112
527735;32
528648;172
528714;197
531027;184
531503;29
531732;190
531904;98
532736;18
535510;165
535513;7
536251;233
538968;87
539542;48
546848;179
549132;190
550158;23
550650;31
552072;36
552280;53
552629;10
552645;130
553560;187
555331;57
556499;203
556886;168
557682;59
557864;18
559065;156
559368;31
561771;128
563365;239
564088;16
565700;116
566594;67
566633;204
566698;5
567990;133
568433;104
569154;64
570654;54
570736;239
572112;187
574876;33
575198;197
578166;76
578504;212
578886;214
579434;281
579462;270
579483;14
580001;40
581654;222
581795;163
582057;16
582372;48
582448;244
582755;169
582899;241
583588;101
587360;183
587855;212
591676;76
592142;203
592203;227
592808;87
592813;70
595005;32
596072;212
596321;74
596519;156
596929;152
598524;29
598537;48
599869;75
601025;93
601037;9
601051;48
602111;105
603128;212
605272;94
607357;142
609066;191
609301;251
610417;226
610898;70
613855;247
615787;216
616179;208
617112;129
617608;186
621864;256
622815;53
623745;197
625970;197
626696;226
626884;189
626952;7
629314;225
629836;88
630087;32
630510;146
630544;102
630595;128
630598;141
630814;203
631647;231
633946;40
635965;244
639697;187
639862;235
640210;111
640374;267
641344;203
641573;66
645969;128
647583;165
649822;64
650621;112
651024;215
651901;211
652027;93
652531;201
652739;270
652771;281
652937;102
653217;150
658602;137
659204;76
661302;31
661304;156
663252;97
663340;21
671808;40
672952;279
675627;102
675771;56
677871;279
681430;186
683562;130
686688;83
687119;121
687252;25
687394;22
687601;279
687661;268
688454;197
688532;14
688608;126
688618;179
690103;133
690391;76
690617;94
694276;134
694513;116
694575;76
696035;136
698335;216
700769;186
701366;256
703466;239
704122;195
704643;94
705263;203
707406;186
707508;133
707630;48
708436;253
708993;223
710283;104
710983;179
711861;21
712358;79
712404;130
712570;22
712652;212
714994;9
715825;266
716215;126
716710;126
718222;142
718388;80
718556;48
718965;70
718981;165
719150;133
721916;18
722091;112
722707;186
722787;70
722803;165
723264;79
723270;221
728134;146
728597;204
728854;248
732594;259
732690;181
735736;223
736918;105
737394;263
738328;163
739310;223
739717;190
740256;99
740265;268
740847;116
742570;156
743046;179
743572;203
744423;233
744426;137
745312;114
747532;130
748233;268
748561;137
748672;179
749251;116
750961;31
753644;208
754493;228
754758;31
755540;55
757839;77
760091;40
760257;23
763245;50
764751;228
765861;187
765970;235
766047;74
766401;218
773721;74
780829;197
782114;126
782402;228
782633;66
782859;225
783171;44
783603;188
784435;190
786880;21
787793;105
789301;97
789384;56
791550;270
791552;224
804975;67
804989;44
805361;97
805465;104
807575;128
807953;21
818917;231
819199;59
830463;232
834976;20
835791;105
835813;180
837433;83
838574;152
840771;110
842627;87
843761;127
869645;266
870544;10
871401;20
876370;106
882088;222
885821;180
902089;179
915820;216
924694;97
935313;14
942081;20
943648;62
945085;97
945550;269
953670;55
953672;212
953750;31
961002;48
961018;70
961379;262
962051;49
962127;266
962793;38
965867;272
965868;156
965872;31
966027;48
966178;9
966204;75
966980;62
966990;56
967683;22
968417;246
968476;112
969368;50
969503;262
971428;178
971634;21
972333;152
974458;223
975980;62
980170;93
982841;118
983363;243
984295;59
984296;54
985849;116
985979;56
986752;277
987378;186
987920;112
990386;20
996256;15
996505;146
996580;275
996585;172
997886;124
998375;191
998414;222
998435;220
999665;275
1000503;213
1000629;239
1000899;25
1001214;76
1001519;197
1001792;128
1004706;180
1004710;190
1005721;31
1012631;69
1014876;156
1015450;212
1015455;282
1016112;225
1032329;123
1032676;98
1034604;172
1038247;93
1038508;142
1038509;76
1039410;48
1039500;203
1039632;156
1039649;93
1040208;80
1041258;197
