1286;48
1290;9
1300;87
2485;156
2495;116
2503;182
2842;9
4376;9
5226;70
6786;48
7331;67
7412;9
7917;9
8921;186
8941;249
9542;53
10356;156
10420;225
10452;116
10930;170
10931;21
11056;145
11368;260
11753;9
11936;112
12272;204
12301;112
12594;120
12662;25
13078;9
13123;53
14249;176
15014;146
15532;145
15625;236
15883;93
16076;222
16870;165
16973;186
17016;218
17198;260
17241;48
17852;116
18077;273
18831;18
19058;32
19064;81
19165;242
20893;32
20938;186
21897;179
22404;152
22473;97
22474;128
23448;31
23483;156
23699;19
23702;254
24101;130
24204;36
24283;149
25026;242
26079;36
26085;120
26203;112
26506;18
26622;266
26687;19
27442;246
27888;246
28265;191
29945;183
30011;260
30605;31
30621;128
31988;31
32560;93
34170;87
34794;133
35465;29
36156;272
36170;116
37565;249
38350;111
38384;18
39769;72
40238;53
41144;93
41236;25
41669;8
41931;40
42077;142
42081;76
42269;212
42746;87
43451;244
43563;128
43580;56
43585;62
44862;20
45057;16
45279;18
45377;251
46295;105
46440;179
46860;48
47082;178
47126;168
47289;15
48490;118
48611;244
49239;179
49629;38
49946;212
50040;64
50179;227
50301;80
50654;64
50950;186
50979;183
51474;181
52206;67
52223;179
52883;269
53070;198
53306;211
53986;19
54568;200
54750;53
55230;33
55499;120
55803;266
55833;212
56018;183
56027;72
56074;5
56509;260
57035;228
58620;197
58849;80
58925;117
60295;19
61033;93
61667;93
62264;162
62359;207
63255;158
63867;197
64248;25
65072;93
65094;186
65330;182
66721;137
66907;197
67589;23
67651;203
67695;181
67846;133
67948;225
68331;223
68478;93
68695;38
68697;93
68779;31
68781;156
69580;182
69807;112
70443;9
70835;84
71633;178
71875;220
72009;75
73036;105
73811;142
74642;266
74972;29
75197;80
75200;204
75374;112
75524;200
75722;228
75725;94
76163;19
76254;270
76855;126
76899;179
77789;19
77798;117
77809;78
78297;178
78721;184
78798;40
78954;93
80340;107
80867;95
87079;179
89753;93
91010;94
91032;31
91507;260
91540;156
91739;109
94426;121
94465;40
94629;123
95123;186
95547;53
95561;226
95643;121
96024;157
97641;117
98312;9
98411;20
98690;14
99115;129
99323;220
99588;114
99595;25
100129;48
100167;212
100574;242
100627;95
100715;111
101039;224
101520;180
101866;23
102663;38
102983;64
103058;8
105355;51
105641;197
106457;127
106553;222
106892;186
106904;112
107716;38
107990;93
110052;4
110084;95
110181;146
110250;42
110949;267
111036;132
111525;227
111532;183
113299;214
114826;268
114943;44
115520;200
115650;246
116550;64
116753;42
117504;213
118257;189
118521;171
118847;203
121224;76
121663;156
122012;144
123256;126
123303;40
123943;146
123992;165
124286;97
124417;272
125622;179
125629;77
126977;116
128004;129
128855;29
129001;76
129794;187
129865;54
130445;191
130651;278
130831;145
132045;221
132046;79
132974;246
133806;55
134791;215
135161;4
135623;156
135965;80
137719;40
138400;126
138512;38
138514;263
140994;115
141207;178
142275;171
142746;8
142907;212
144196;222
144233;163
144487;9
145028;48
145029;93
145617;133
147136;117
148487;55
150695;112
151669;205
151676;220
151697;58
153825;248
155553;105
155916;215
156039;179
157279;248
158658;179
159634;100
159737;87
160714;128
162173;105
163106;216
163304;256
165584;242
165809;213
165888;80
167175;80
167303;201
167810;88
171827;184
171926;15
173574;120
174159;144
174372;4
175157;216
175166;116
175647;163
176314;138
176335;274
177113;269
184217;208
185177;180
185357;9
186605;280
186813;216
187467;234
188102;152
189480;161
189927;172
190951;90
191014;123
191515;20
193210;127
194658;4
196469;168
197878;184
197885;205
198114;98
198191;138
199200;39
202225;48
202329;266
203338;16
203550;111
203712;248
204735;259
205370;130
206816;42
206959;223
207046;253
207383;141
208019;245
208463;68
208968;18
209414;162
210191;189
210611;230
210960;197
212154;125
212195;59
212349;93
212492;182
214254;77
215363;268
215633;225
216613;204
216692;177
216840;94
216975;228
217883;142
219639;158
219671;75
220538;87
222329;82
223054;278
223742;34
224441;270
225112;23
226811;253
227256;25
227382;254
229484;80
230668;83
231417;230
232809;12
232845;206
233207;84
233598;191
234368;258
234964;18
235056;244
235191;54
236378;130
237009;77
237659;94
239426;118
242218;258
242428;161
242448;127
243406;15
244297;70
247637;181
247998;206
248350;62
248359;21
250048;234
250060;142
250281;56
250520;244
251919;250
252889;233
253737;130
253793;41
253825;263
255261;116
255440;187
256868;250
257809;175
257812;124
257950;137
259561;57
259565;20
259751;266
259758;10
260189;180
260561;16
261291;248
261768;77
261854;191
262124;172
262174;123
262225;183
263027;119
263032;108
263127;222
263788;207
264062;33
264593;138
264718;143
265709;10
265718;180
266437;162
267437;187
269566;23
272810;123
272947;98
273001;172
273156;59
273902;195
274525;52
281213;77
281325;181
282542;68
283643;170
285523;223
286658;263
289682;268
289989;142
290529;240
291291;25
291293;23
297714;18
297887;279
299279;132
300567;40
301364;62
304231;142
304869;80
304942;181
304946;80
306401;12
307902;278
310148;62
310961;97
313595;9
315637;116
316228;63
316310;61
316428;259
323422;1
323917;108
327856;20
328544;163
328558;241
328630;214
328636;102
328862;154
329034;280
333524;133
334274;38
334308;93
334542;88
335726;114
336020;24
337245;25
338039;133
338387;80
338453;278
338970;76
341736;39
342288;59
342289;85
344636;281
345414;179
345474;208
345687;112
346484;38
346828;176
350248;81
352745;192
353113;276
355685;31
356330;136
359859;9
361878;203
363888;202
364185;180
364302;197
365357;156
365525;86
365916;74
367561;15
371645;127
374896;241
377067;154
378777;167
386008;180
386060;67
386815;133
387569;20
388445;59
388647;277
388919;54
390331;248
394443;208
395611;168
396658;233
396659;137
397498;146
397548;54
397553;275
397828;251
398418;230
405807;218
406045;53
406048;118
409463;110
413610;132
414266;243
414993;34
421199;112
421700;277
422704;28
422917;165
423587;18
424131;172
424291;276
424494;150
424508;219
426072;145
427643;2
429338;167
429476;84
429939;133
429995;33
430516;181
434193;126
434912;56
434959;272
435439;186
437545;59
438486;93
438773;48
439398;110
441188;56
443049;282
444497;279
444498;226
444799;188
446883;20
449154;229
449685;247
450008;15
450787;269
450898;123
451953;117
452404;9
453299;194
453495;238
453888;253
455216;215
455321;256
455411;240
457716;179
459331;9
460562;23
462851;154
462852;24
463991;9
465447;55
468522;166
475385;55
477514;77
480764;25
481218;70
482989;219
485187;103
486717;51
486798;15
487028;242
488966;64
489061;32
489072;81
490311;178
492451;266
492604;18
492766;266
493283;130
493367;266
493983;22
496340;128
496635;97
497804;145
497891;141
501025;227
501518;186
501523;112
504598;104
504630;25
504653;7
504682;251
505174;74
505258;232
505380;29
507276;93
508486;9
510373;172
513637;235
515366;178
519208;31
521601;180
522893;165
524125;68
524288;70
524672;137
524814;23
524914;133
527735;32
527905;152
528462;94
528628;68
528648;172
528714;197
531027;184
531145;75
531503;29
531732;190
535513;7
535634;80
539208;242
539542;48
549132;190
550158;23
550650;31
552072;36
552280;53
552629;10
552645;130
553867;244
557675;180
557682;59
557991;98
558558;20
561115;172
561771;128
563507;112
563831;114
564602;64
565700;116
565807;186
566496;246
566633;204
567233;15
567691;246
568433;104
569154;64
570654;54
570736;239
571225;172
575510;121
575676;121
577468;225
577870;4
578504;212
578886;214
579462;270
580001;40
580439;179
582057;16
582372;48
582421;40
583588;101
584285;174
587360;183
587855;212
589083;266
589337;269
591676;76
591677;142
592142;203
592813;70
593927;278
594282;133
595005;32
595012;38
596072;212
596116;203
596225;80
596321;74
596929;152
598306;225
598537;48
599699;263
599869;75
600401;112
601051;48
602111;105
603128;212
604347;176
605090;212
607357;142
607899;15
609301;251
610417;226
610625;184
610898;70
613855;247
614515;150
615017;186
615787;216
616179;208
616912;112
617112;129
617608;186
621305;59
621703;180
622172;80
622815;53
625290;176
625970;197
626710;126
626884;189
626952;7
629314;225
630087;32
630510;146
630598;141
630814;203
633946;40
639681;55
640210;111
641344;203
641573;66
645967;97
650621;112
650722;186
651894;152
651901;211
652027;93
652531;201
652771;281
653205;115
655858;142
661269;263
661302;31
665085;94
667214;94
667282;79
672952;279
675557;109
675627;102
677058;133
677207;31
677211;156
677871;279
681430;186
683562;130
687119;121
687252;25
687394;22
687595;226
687601;279
688454;197
688532;14
690391;76
690393;142
690617;94
694002;227
694003;183
694276;134
694575;76
695280;176
696035;136
698335;216
699347;156
700769;186
701366;256
703466;239
704643;94
704709;94
707406;186
708436;253
708993;223
710562;101
710798;25
711861;21
712358;79
712570;22
712652;212
712841;105
713014;203
713336;7
713528;22
715825;266
716624;187
716710;126
716878;133
717594;64
718143;204
718370;76
719150;133
720327;23
720351;25
721916;18
722091;112
722803;165
722962;93
723015;9
723270;221
725519;64
727917;80
728597;204
728615;142
728617;76
731581;112
732594;259
735684;126
738328;163
739717;190
740256;99
741154;239
741737;29
743309;130
743572;203
744250;156
744423;233
745312;114
747532;130
748230;225
748233;268
748561;137
748950;179
749251;116
750049;23
750068;25
751697;228
752361;133
752461;18
753639;192
753644;208
753911;99
753926;268
760091;40
762626;212
763245;50
764751;228
765861;187
765970;235
766047;74
766401;218
773790;202
780767;169
780829;197
782114;126
782376;113
782402;228
782633;66
782859;225
782887;268
784435;190
789301;97
789384;56
791556;66
804975;67
804989;44
805465;104
818917;231
819199;59
823668;208
830463;232
830674;69
834976;20
834979;10
835791;105
835813;180
837433;83
840771;110
843761;127
859889;172
870544;10
876370;106
876382;276
882088;222
886689;213
915820;216
935313;14
942081;20
945085;97
948795;40
953750;31
953753;156
953763;179
953794;230
961002;48
962793;38
963403;178
966027;48
966048;9
966050;93
966178;9
966990;56
967731;254
967856;107
967889;78
968417;246
969503;262
969571;242
971634;21
972333;152
972764;36
973109;244
974345;68
980170;93
982841;118
984296;54
985849;116
986752;277
987378;186
987920;112
990386;20
996256;15
996342;187
997886;124
997888;259
998032;80
998375;191
998414;222
999665;275
1000316;268
1000595;203
1000629;239
1000899;25
1000956;90
1001214;76
1001519;197
1001788;97
1003443;186
1005721;31
1012632;164
1016112;225
1025446;248
1034604;172
1038084;9
1038217;48
1038248;38
1038483;25
1038509;76
1039410;48
1039459;225
1039500;203
1039649;93
1039845;105
1040055;268
1040520;137
1040521;233
1041258;197
