116;1699
462;1375
1290;1570
1665;212
2485;203
2503;245
2580;517
2838;1821
2842;1618
4376;1513
4936;574
5226;1842
6127;929
6786;2760
7412;1697
7917;1698
8745;2085
8967;12
10082;699
10356;202
10741;545
10770;11
11242;340
11368;1299
11605;2449
12272;62
12304;321
12594;1799
12680;39
13078;1699
13123;199
13451;497
15625;228
15883;1701
16193;340
16870;46
16973;368
17016;55
17197;2799
17198;1499
17241;2887
17358;2278
18068;140
18077;42
19165;3106
19172;1284
20701;134
20893;29
20938;299
21002;1308
21414;227
21428;1099
21489;249
21897;62
22404;5999
23699;706
24279;1499
24283;1399
25026;2699
25155;484
25227;10
26079;1299
26085;1999
26156;2513
26680;539
26868;230
27442;1741
27888;1696
28265;10
30621;160
31158;2760
31988;226
32560;1559
34326;225
35719;2770
36156;233
36170;200
36244;159
37565;188
37775;29
38346;971
38350;560
38384;1210
38767;2921
39275;243
39504;319
39689;574
39749;1842
39769;14
40238;200
41144;1670
41236;78
41279;42
43451;653
43580;21
44037;1972
45057;349
45279;1207
45981;132
46440;56
46582;193
46860;2775
47126;25
47476;141
48611;675
48982;19
49239;72
49629;856
50179;184
50301;47
50597;1319
50603;12
50654;342
50950;289
52223;75
52883;15
53262;35
53930;1392
53986;696
54750;238
55499;2071
55833;158
56509;1299
57822;199
58849;78
59581;699
60255;53
60295;702
60652;2055
61033;1949
61042;2999
61667;1662
62658;81
63204;41
63255;199
64061;80
64721;86
64804;7
65094;378
65171;221
65520;195
65706;1202
65796;49
66316;491
66717;190
66721;190
66847;1333
66907;485
67610;88
67651;162
67695;66
67697;80
67948;272
68695;799
68697;1348
68779;224
68952;185
69374;2799
69411;47
69580;249
70443;1362
70480;2598
70835;224
70843;520
71125;1728
71875;182
72742;2749
73811;477
73820;330
74642;49
74972;1999
75197;51
75524;1189
75531;293
75649;1399
75722;258
76254;54
76685;1679
76899;65
76945;29
77789;659
77798;269
77804;399
77809;549
77858;365
78721;155
78954;1749
80867;29
82989;1399
85391;2317
85447;9456
86543;17
87909;1999
88359;616
89148;373
89342;279
91010;112
91032;209
91507;1299
94426;18
94465;199
94490;52
94629;54
94924;56
95123;317
95547;229
95643;19
96034;199
98016;54
98312;1799
98434;111
98690;14
99119;72
99323;142
99588;1241
99594;57
99913;19
100129;2849
100167;141
100574;2599
100991;234
101039;11
101498;63
101499;125
101520;46
101775;37
101866;64
102090;1349
102663;869
103916;199
105355;27
106553;267
106750;2650
106892;338
109864;10
110052;16
110084;34
110181;142
110949;10
111036;699
111050;9699
111243;549
111532;299
112082;231
113299;11
115520;949
115650;1729
115679;1085
117271;1218
119172;303
121224;277
122012;24
122995;2744
123463;640
123992;36
124194;61
124450;284
125622;76
125766;1619
126360;331
126977;200
128004;59
128855;1988
129738;43
129865;30
130445;8
130807;699
131509;149
132045;165
132551;5
132974;1729
133804;18
133806;51
135161;13
135657;30
135965;39
137719;215
138295;223
138400;532
138512;899
138514;31
139777;1399
140901;365
142275;1736
142746;69
144134;199
144196;264
144233;35
144290;47
144482;2213
145029;1804
147193;535
150429;351
150669;38
150695;979
151669;160
152065;36
153825;69
155553;55
155916;81
157279;73
158389;75
158658;73
160714;139
160722;19
161725;32
162173;61
163304;39
164325;192
164740;1569
165888;59
167175;47
167283;71
167303;24
170291;39
171195;59
171827;138
172569;21
172620;261
173402;82
173574;1998
174159;25
174372;21
175157;26
175577;121
176314;1138
176335;1041
176727;241
176766;52
177113;30
179927;1191
185177;46
185348;2799
187424;60
187467;63
189481;41
190699;99
190951;1366
191014;62
191515;39
192282;70
193210;159
194658;21
197806;35
197878;149
198191;1206
198477;17
198963;105
203550;578
203848;168
206959;1326
207046;20
207102;59
207364;149
207399;155
208019;48
208148;131
208427;408
208968;1115
210191;158
210611;20
210960;490
212195;43
212708;449
213800;23
215363;241
215633;262
216549;6
216613;85
216700;149
216840;103
216975;233
217883;476
219975;39
220265;512
222326;443
222329;1666
223054;17
223742;17
223807;468
225112;56
225937;129
227692;1201
229484;59
229503;1251
229680;1182
230295;12
231417;27
233207;124
233598;11
233807;34
234964;1296
237009;38
239426;699
240803;356
242831;8999
243406;373
244121;84
247637;58
247998;11
249601;1219
249768;141
250060;529
250281;20
250520;668
251919;2128
251967;62
252890;246
253295;285
253788;10
253793;172
253825;29
257651;273
257950;273
258023;44
258618;126
258727;699
259553;127
259758;45
260189;48
260561;417
260564;149
261291;88
262124;115
262174;61
262225;281
262292;281
263032;10
263127;256
263788;59
264062;24
264593;1136
264718;223
266437;71
269633;168
269656;92
271943;1502
272810;52
272947;51
273001;99
273156;39
273452;10
274726;36
276439;71
281213;38
281325;58
285523;1692
286658;32
287443;524
289682;254
290529;59
290850;45
291291;67
294781;54
296733;43
297123;129
297714;1097
297887;34
299279;899
300567;213
301364;49
304231;506
304942;62
304946;63
305903;19
306401;39
307902;24
308456;249
310961;169
312106;99
312486;243
313595;1649
314131;744
316222;39
316310;29
316337;20
323917;9
324528;24
325869;35
327856;32
328616;17
328862;15
329034;48
333524;41
334542;65
335726;1266
337116;46
337632;37
338039;30
338387;58
338453;20
339204;65
340226;144
341801;1399
342288;45
343623;20
343669;19
344207;52
344633;26
344636;29
345255;21
345407;15
345414;56
345474;11
345477;11
349946;82
350248;21
351100;44
352728;13
353113;69
353244;155
355685;239
356330;19
357096;59
361878;24
362028;14
364780;267
365357;249
367353;103
367561;343
368267;53
371645;145
372105;79
375046;381
377256;20
378615;96
378777;249
380098;50
380196;99
381148;58
382489;14
386815;36
387088;43
387569;34
388647;999
394443;8
395695;119
396432;20
396659;273
397498;147
397553;105
397828;1185
398418;24
404446;15
405807;42
406045;199
407498;30
408773;14
409463;262
409656;1319
412016;1497
412194;326
413459;24
414266;291
415953;50
417323;159
421199;1129
421700;969
422704;139
424131;115
424494;35
424508;12
426072;249
427092;1769
427643;29
429338;179
429995;19
430516;55
433371;111
434193;567
434912;23
435201;14
435439;335
437551;232
438486;1899
438488;899
438773;2849
439398;267
441188;19
444497;25
444498;30
444799;89
445452;1298
445775;2689
446741;194
446883;44
447420;199
447605;112
449154;29
449574;197
449631;200
449685;1709
450008;312
450199;50
450729;8549
450898;59
451949;2941
453495;40
453888;19
454843;342
454998;473
455216;116
456516;78
459331;1799
460562;69
463991;1422
468522;269
474456;1896
475385;38
476643;37
477514;38
478880;370
481218;1899
482343;143
482348;19
482989;13
485176;89
485561;31
486650;165
486688;57
486882;21
489061;41
492604;1039
492766;47
495502;35
495606;36
496340;176
496595;220
497804;242
498337;273
498344;648
501025;187
504653;27
504682;967
505174;15
505258;16
506808;238
507269;2703
507276;1686
508486;1382
510373;113
515366;570
516992;248
519208;253
521601;40
522490;71
524125;226
524288;1699
524672;198
524814;53
524914;43
527735;19
528462;93
528628;235
528648;108
528714;509
531027;153
531145;7998
531503;1954
531648;39
531904;49
534897;75
536251;198
539208;2377
549132;123
551336;1999
552629;43
552645;24
553867;612
555331;53
556499;145
556886;37
557682;37
557864;1199
559065;224
559368;252
561115;120
561771;160
563365;236
564602;328
565700;234
565807;330
566496;1729
566594;721
566633;59
567233;349
569154;349
569826;449
570654;32
570736;233
571225;102
572112;6
575333;43
578504;132
578886;20
579434;29
579483;16
580001;215
580439;57
580511;32
581795;30
582421;212
582448;690
582899;75
583583;44
587360;261
587855;142
587897;227
588547;17
588568;1539
589083;49
589337;18
591063;274
591677;500
592808;2084
592813;1749
593927;22
594802;101
595005;27
595012;755
596072;151
596116;142
596519;225
598537;2849
599699;27
599881;2199
600401;919
601051;2899
601988;206
603128;148
605090;150
605272;129
607899;329
608444;521
609066;13
610417;59
610625;135
610898;1685
613855;2099
615017;373
615488;170
615554;48
615787;41
616912;978
617112;53
617608;437
621703;39
622172;76
623745;488
626710;491
626952;40
629286;237
629314;231
629836;37
630051;228
630544;47
630598;71
630814;127
631313;26
633946;210
635965;667
639681;40
640374;14
641344;127
641573;11
647583;37
649822;323
650722;305
651901;2139
652531;39
652739;112
652937;37
653205;50
653217;52
655842;101
655858;487
658828;13
659111;761
659204;382
661269;26
661302;225
663252;144
665085;118
667214;108
667282;168
671808;234
675627;36
677058;46
677207;249
677211;212
677877;44
683562;29
686688;115
687119;23
687252;80
687595;46
687601;31
688454;540
688532;19
688608;552
690103;43
690391;301
690393;471
690617;102
693996;185
694003;235
694276;37
694575;368
696035;13
698335;29
699347;214
701366;42
703466;199
705263;133
707406;305
707508;41
707862;317
708146;955
708436;19
708993;1628
710283;154
710562;27
710779;52
710798;67
711861;181
712358;160
712404;24
712570;2
712652;136
713014;128
713528;2
716215;484
716710;500
716878;41
718388;62
718556;2751
718965;1818
719125;217
719150;42
720327;50
720351;67
721916;1236
722091;919
722707;305
722787;1818
722803;37
722962;1616
723264;160
723270;178
726394;192
727751;538
728134;111
728597;53
728615;460
735736;1195
736918;70
737394;27
739310;1149
739717;109
740256;35
740265;240
741154;214
742570;213
743046;59
743309;26
744423;225
747532;25
748230;264
748234;208
748561;208
748672;71
748950;57
750068;65
750961;229
751697;239
753639;29
753911;34
753926;231
754493;248
757839;40
760091;243
762626;149
763245;153
764751;278
773790;31
780767;450
780829;651
782402;266
782633;13
782859;264
782887;243
782929;34
783141;208
783171;220
783603;99
784435;102
786880;169
789301;154
791552;16
791556;28
796211;52
799491;17
805361;147
805465;146
807575;138
807953;173
818917;1054
819199;34
830674;484
830675;876
834976;40
834979;40
835791;63
835813;37
840771;252
842627;2182
859889;109
869645;43
869659;146
871401;38
876370;101
885821;37
886689;63
915820;37
924694;143
934836;214
935313;12
941929;95
945550;22
953670;37
953753;201
953763;55
953766;40
953794;17
961013;2252
961325;2355
961379;7125
962127;38
963403;548
965868;233
965872;255
966027;2649
966048;1359
966990;59
967731;6700
967856;440
969368;242
969503;6999
969550;9297
969571;2259
971634;173
972764;1341
974345;228
974458;1650
980170;1639
980927;478
982897;25
983363;376
984295;45
984296;34
985849;201
985979;22
987378;349
987920;978
990386;42
990892;349
996256;337
996342;11
996505;121
996945;2023
997886;338
998126;77
998414;290
1000316;278
1000595;136
1000899;76
1000956;1334
1001214;245
1001792;130
1001824;25
1003443;378
1004706;41
1004710;109
1012631;404
1015915;526
1025446;81
1032329;58
1034604;96
1038084;1320
1038248;780
1038483;94
1038509;437
1038603;2322
1039500;168
1039632;265
1039649;2165
1040055;363
1040520;296
1040521;296
1041258;615
