116;9
462;36
1286;48
2485;156
2495;116
2580;178
2838;93
2842;9
4376;9
4936;178
5226;70
6127;112
6272;223
6786;48
7331;67
7412;9
8745;211
8921;186
8967;191
9639;33
10082;118
10356;156
10420;225
10770;191
10931;21
11056;145
11350;120
11368;260
11753;9
11936;112
12272;204
12301;112
12594;120
13078;9
13123;53
13451;107
14130;212
14326;184
15532;145
15625;236
16973;186
16977;246
17016;218
17197;242
17198;260
18068;203
18157;260
19058;32
19172;260
20701;212
20893;32
21002;36
21414;31
21897;179
22404;152
23174;232
23448;31
23483;156
23699;19
23702;254
24204;36
24283;149
24878;117
25429;211
26085;120
26203;112
26622;266
26687;19
26868;40
26900;93
27888;246
28265;191
28660;156
30621;128
30979;246
31158;48
31777;249
32560;93
34326;28
34794;133
36244;184
37565;249
37775;95
38346;251
38767;48
39275;31
39639;218
39689;178
39749;70
40238;53
41144;93
41279;263
41499;112
41669;8
41931;40
42077;142
42081;76
43580;56
43585;62
44037;29
44119;178
44162;48
44862;20
45279;18
45377;251
45981;83
46295;105
47082;178
47126;168
47289;15
47476;127
48490;118
48611;244
48982;232
49239;179
49946;212
50654;64
50979;183
52206;67
52805;161
52883;269
53070;198
53262;51
53930;260
53986;19
54249;249
54568;200
55499;120
56027;72
56509;260
56897;112
57035;228
57822;53
57873;80
58620;197
58925;117
59581;178
60295;19
61033;93
61042;48
61043;9
62264;162
63204;20
63242;127
63255;158
64061;215
64804;144
65072;93
65171;40
65330;182
65706;200
65766;105
65796;235
66239;187
66721;137
66847;36
66907;197
67079;61
67589;23
67697;213
67846;133
68695;38
68697;93
68781;156
69374;242
69411;241
69807;112
70443;9
70480;48
70539;24
70843;142
71125;9
71633;178
71875;220
72009;75
72731;93
73036;105
73820;76
74642;266
74808;4
75197;80
75374;112
75531;117
75722;228
75725;94
76254;270
76685;246
76899;179
77789;19
77798;117
77809;78
77858;124
78798;40
80195;260
80867;95
82989;171
83783;245
85447;262
86372;75
86543;187
87079;179
88359;67
89148;16
89755;38
91010;94
91179;128
91862;107
94426;121
94428;212
94465;40
94629;123
95547;53
98124;141
99323;220
99588;114
99913;34
100167;212
100574;242
100627;95
100715;111
100990;156
100991;31
101499;190
101520;180
101775;20
102090;1
102663;38
103916;53
105355;51
106457;127
106553;222
106750;48
106904;112
108111;90
109481;95
109864;187
110052;4
110084;95
110181;146
110250;42
110949;267
111050;262
111243;78
111525;227
111532;183
113299;214
114826;268
115044;142
116753;42
117504;213
118521;171
120742;21
121224;76
121663;156
122012;144
122995;48
123303;40
123463;244
123992;165
124194;213
124286;97
124417;272
124911;222
125622;179
125766;9
126360;15
126977;116
128004;129
129001;76
129220;1
129738;55
130651;278
132045;221
132046;79
132974;246
133804;278
133806;55
134791;215
135161;4
135657;2
138295;272
138400;126
138514;263
139777;149
142075;116
142746;8
142907;212
144134;40
144196;222
144487;9
145028;48
145617;133
147193;142
147364;76
149664;142
150429;282
150669;7
150695;112
151669;205
151676;220
152065;134
155553;105
157279;248
158039;40
158389;25
158658;179
159634;100
160714;128
160722;56
161725;163
164325;167
164740;246
165584;242
165809;213
167175;80
167283;141
167810;88
168995;247
169073;176
170291;133
171926;15
172620;31
173574;120
174159;144
174372;4
175157;216
175403;187
176314;138
176335;274
179927;36
182202;216
184217;208
184335;254
184550;171
185177;180
185348;48
185357;9
186813;216
187424;148
188102;152
188716;116
189480;161
189927;172
190699;177
190951;90
191014;123
191515;20
194658;4
197268;172
197878;184
197885;205
198909;180
199200;39
200269;265
201384;282
202225;48
202329;266
203779;191
203848;212
205370;130
206816;42
207046;253
207102;80
207383;141
208148;94
208427;16
208968;18
209792;201
210191;189
210960;197
212195;59
212349;93
215363;268
216692;177
216840;94
216975;228
219639;158
219671;75
219975;255
220538;87
220932;146
222326;197
222822;164
223054;278
223742;34
223807;126
224304;201
224441;270
225112;23
225937;203
227113;18
227256;25
227631;244
227692;18
229503;277
229680;114
230668;83
231417;230
232809;12
233207;84
233598;191
234368;258
234964;18
235056;244
235191;54
236378;130
237009;77
239426;118
240803;135
241802;261
241919;80
242070;225
242428;161
242831;75
243062;152
243406;15
244121;204
244297;70
244982;266
247637;181
247998;206
249347;7
250048;234
250060;142
251919;250
252889;233
253295;243
253737;130
253788;72
253793;41
253825;263
254040;95
255440;187
256099;282
256868;250
257651;233
257809;175
257812;124
258023;273
258618;275
259565;20
259751;266
259766;98
260189;180
260564;203
261291;248
261768;77
262174;123
262224;227
262292;41
262621;22
263027;119
263032;108
263127;222
263788;207
264062;33
264718;143
265718;180
265805;222
266437;162
267437;187
269633;21
269656;172
271943;90
272810;123
272947;98
273001;172
273156;59
274281;239
276439;162
283643;170
286658;263
287443;142
289682;268
289989;142
290529;240
290850;133
291291;25
294157;15
294777;15
294781;133
297123;83
297714;18
297973;125
299279;132
301364;62
303846;81
304231;142
304869;80
304942;181
308466;178
310851;231
310961;97
311978;142
313595;9
314131;244
316222;192
316310;61
316337;214
316428;259
322893;36
323422;1
324528;229
325869;54
325870;239
327856;20
328616;61
328630;214
328636;102
328862;154
334542;88
336020;24
337116;271
337245;25
337632;55
338970;76
339204;213
340740;115
341736;39
341801;93
342288;59
342289;85
343623;96
343669;14
344207;102
344633;61
345255;214
345414;179
345474;208
345477;63
345687;112
345942;150
346484;38
346787;93
346828;176
348446;266
349828;181
351100;229
353244;106
355685;31
356330;136
359951;138
362028;206
363888;202
364185;180
364780;31
365916;74
367353;148
371706;156
372105;8
374896;241
375046;272
377067;154
377256;56
377947;129
378777;167
380098;62
380196;179
382489;214
386008;180
387088;133
388445;59
388919;54
395695;83
396432;109
396658;233
397498;146
398418;230
404446;34
406048;118
407498;185
408773;14
409463;110
409656;90
413459;144
414266;243
421199;112
421700;277
422704;28
423587;18
424291;276
424494;150
425426;187
426072;145
427092;120
428996;27
429476;84
429939;133
429995;33
430516;181
434193;126
434912;56
435201;14
437551;239
438488;38
439398;110
443049;282
444497;279
444498;226
445452;18
446883;20
447605;83
449154;229
449574;116
450008;15
450729;75
450787;269
453299;194
453888;253
454998;126
455216;215
455321;256
456516;5
460562;23
462852;24
463855;270
465447;55
468522;166
472025;219
474456;90
475385;55
480764;25
480827;239
481128;48
482348;121
482896;266
485176;174
485561;121
486650;143
486688;188
488966;64
489061;32
489072;81
490311;178
492451;266
493283;130
493983;22
496340;128
496595;21
497804;145
497891;141
498337;159
501025;227
501518;186
504598;104
504630;25
504653;7
504682;251
505258;232
507269;48
508486;9
513637;235
515366;178
519208;31
519852;191
521601;180
522893;165
524288;70
524672;137
524819;179
526109;112
528648;172
531145;75
531503;29
536141;262
536169;242
536251;233
536982;266
538968;87
539208;242
541486;55
546848;179
549132;190
551336;70
552072;36
552280;53
552629;10
555331;57
556499;203
557682;59
559065;156
561771;128
563365;239
563507;112
564602;64
565807;186
566496;246
566633;204
567233;15
567691;246
568460;179
569826;169
570654;54
571225;172
575198;197
575333;266
577468;225
577870;4
578166;76
578886;214
579434;281
579483;14
580001;40
580321;63
581795;163
582421;40
582448;244
582755;169
583583;165
583588;101
584285;174
587360;183
587855;212
588568;36
589083;266
591063;225
592142;203
592203;227
592813;70
593927;278
594282;133
595005;32
596116;203
596321;74
596519;156
596929;152
598306;225
598537;48
599699;263
599869;75
600401;112
602111;105
604347;176
605272;94
607357;142
607899;15
608444;126
609066;191
610417;226
610898;70
613855;247
615017;186
615787;216
617112;129
617608;186
621864;256
622815;53
623745;197
625290;176
626054;62
626884;189
626952;7
627407;126
628538;211
629836;88
630051;44
630510;146
630595;128
630814;203
631313;32
634127;204
639862;235
640374;267
641344;203
645967;97
645969;128
647568;70
649822;64
650621;112
650722;186
651901;211
652937;102
653217;150
656160;20
661269;263
661304;156
663252;97
663340;21
665085;94
667214;94
667282;79
671808;40
672952;279
675557;109
675627;102
675771;56
677207;31
677877;226
681430;186
683562;130
686688;83
687394;22
687595;226
687601;279
688454;197
688532;14
688608;126
689880;266
690391;76
690393;142
690617;94
693990;79
693996;221
694002;227
694276;134
694575;76
695280;176
699347;156
700769;186
704122;195
704709;94
707261;70
707277;165
707406;186
707508;133
707862;186
708436;253
708993;223
710283;104
710562;101
710779;23
710798;25
712358;79
712404;130
712570;22
712652;212
713336;7
713463;68
714994;9
716215;126
716624;187
716878;133
717594;64
718143;204
718222;142
718388;80
718981;165
719020;203
719125;40
720327;23
720351;25
721916;18
723270;221
725519;64
726613;40
727751;118
727917;80
728134;146
728854;248
728941;80
732594;259
732690;181
737394;263
738282;40
738328;163
739717;190
740256;99
740847;116
741154;239
743046;179
743572;203
744426;137
748230;225
748233;268
748234;233
748672;179
748950;179
749251;116
750068;25
753644;208
753911;99
753926;268
754072;149
754758;31
755540;55
757839;77
760091;40
760257;23
762626;212
764751;228
765861;187
765970;235
766401;218
773790;202
779832;62
780767;169
780829;197
782376;113
782633;66
782859;225
782929;99
783141;104
783171;44
783603;188
784435;190
786880;21
789384;56
791495;92
791550;270
791552;224
791556;66
804975;67
804989;44
805361;97
807953;21
830463;232
830674;69
834979;10
838574;152
842627;87
843761;127
859889;172
869645;266
869659;212
870544;10
876370;106
882088;222
885821;180
886689;213
902089;179
915820;216
924694;97
935313;14
941929;172
942081;20
945550;269
953670;55
953672;212
953750;31
953763;179
953766;133
953794;230
961013;87
961018;70
961379;262
962127;266
963403;178
966027;48
966048;9
966050;93
966178;9
966204;75
966980;62
967683;22
967856;107
968417;246
968476;112
969368;50
969550;75
969571;242
971634;21
972333;152
972764;36
973109;244
974345;68
974458;223
979459;105
980170;93
980927;142
982841;118
983363;243
984296;54
985979;56
987920;112
988015;20
990386;20
996256;15
996342;187
996585;172
997886;124
997888;259
998032;80
998126;179
999665;275
1000503;213
1000629;239
1000899;25
1001214;76
1001519;197
1001788;97
1001824;253
1004706;180
1005721;31
1012632;164
1015455;282
1015915;126
1016112;225
1034604;172
1038084;9
1038217;48
1038247;93
1038508;142
1038509;76
1039500;203
1039632;156
1039845;105
1040208;80
1040520;137
1040521;233
1041258;197
