116;1699
1290;1570
1300;2238
2838;1821
2842;1618
4376;1513
5226;1842
6127;929
6272;1144
6786;2760
7409;898
7412;1697
7917;1698
8745;2085
8921;279
8967;12
9542;174
9639;19
10082;699
10356;202
10452;218
10741;545
10770;11
10930;199
11242;340
11753;1599
11936;971
12272;62
12301;1008
12594;1799
12662;69
12670;49
12680;39
13123;199
13451;497
14130;139
14249;18
15063;44
15532;239
15625;228
15883;1701
16193;340
16973;368
17197;2799
17198;1499
17241;2887
17852;205
18077;42
18157;1217
18831;1041
19064;39
19172;1284
20701;134
20938;299
21002;1308
21428;1099
21489;249
22473;169
22474;159
23174;20
23448;236
23483;218
24101;31
24204;1324
24283;1399
24842;790
24878;269
25026;2699
25155;484
25227;10
25429;1975
25629;238
25631;213
26079;1299
26203;1079
26506;1150
26622;44
26687;699
26868;230
26900;1463
27442;1741
27888;1696
28265;10
28660;221
29945;253
30011;1399
30605;227
31158;2760
31777;121
32560;1559
34170;2399
35465;1992
35719;2770
36156;233
36170;200
36244;159
38255;2099
38767;2921
39275;243
39639;45
39689;574
39749;1842
39769;14
40238;200
40462;285
41236;78
41669;76
41931;231
42077;478
42081;246
43451;653
43512;35
43563;149
43585;54
43958;65
45279;1207
45981;132
46295;75
46440;56
46582;193
46860;2775
47126;25
47289;316
47476;141
48490;576
48611;675
50040;316
50179;184
50950;289
52883;15
53070;275
53986;696
55499;2071
55803;45
55833;158
56018;322
56027;8
57035;269
57822;199
58620;518
58849;78
60255;53
60295;702
60652;2055
61042;2999
61667;1662
62264;75
63204;41
63242;159
64061;80
64721;86
65094;378
65171;221
65330;249
65520;195
65706;1202
65796;49
66239;11
66316;491
66721;190
66847;1333
66907;485
67079;18
67589;71
67651;162
67695;66
67697;80
67846;55
67948;272
68331;1177
68478;1741
68695;799
68697;1348
68779;224
68781;197
69411;47
69580;249
69807;940
70443;1362
70480;2598
70539;33
71125;1728
71633;514
71875;182
72731;1499
72884;20
73036;78
73811;477
73820;330
74972;1999
75200;73
75374;997
76163;699
76899;65
76945;29
77798;269
77809;549
77858;365
78721;155
78954;1749
80867;29
81290;2233
82989;1399
85391;2317
85447;9456
86543;17
87079;54
89148;373
89753;1449
89755;969
91179;135
91739;24
94426;18
94428;135
94465;199
94490;52
94629;54
95123;317
95547;229
95561;49
95643;19
96024;15
96034;199
98016;54
98124;71
98312;1799
98411;40
98434;111
99115;53
99119;72
99323;142
99588;1241
99594;57
99595;70
99913;19
100129;2849
100574;2599
100715;647
100990;204
100991;234
101498;63
101775;37
101866;64
103058;79
103916;199
106457;149
106553;267
106750;2650
106892;338
106904;998
107716;899
109964;2849
110250;2999
111036;699
111050;9699
111244;399
111525;239
112082;231
113299;11
114826;263
114943;241
115520;949
115650;1729
116753;2999
117271;1218
118257;167
118847;144
120742;200
120925;13
121224;277
122012;24
123256;488
123463;640
123943;113
123992;36
124911;269
125622;76
125766;1619
128004;59
129738;43
129794;9
130651;17
131509;149
132045;165
132551;5
132974;1729
133804;18
133806;51
135161;13
135965;39
137719;215
138295;223
138400;532
138514;31
139777;1399
140901;365
140994;28
142075;205
142275;1736
142746;69
142907;132
144487;1743
145028;2984
147136;269
147193;535
147364;299
148487;40
151669;160
151697;649
152065;36
153825;69
155553;55
155916;81
157279;73
158389;75
159737;2327
160722;19
162173;61
163304;39
165809;69
167283;71
167303;24
168995;2016
170291;39
171827;138
171926;304
172620;261
173153;849
175157;26
175166;209
175403;10
175577;121
176335;1041
176766;52
184335;6887
185348;2799
185357;1699
187456;23
187467;63
189927;113
190699;99
191014;62
192282;70
193210;159
194658;21
196469;31
197806;35
197885;99
198191;1206
198963;105
199200;42
202329;44
203550;578
203779;11
203848;168
204735;533
205370;34
207046;20
207399;155
208019;48
208148;131
208427;408
208968;1115
209414;89
209792;20
210191;158
210611;20
212154;15
212309;193
212492;249
214254;44
215363;241
216549;6
216692;99
216700;149
216840;103
217883;476
218565;34
219639;189
219671;8999
219975;39
220932;135
222822;878
223807;468
224304;20
224441;69
226811;13
227256;75
227631;703
229484;59
229680;1182
230566;45
231417;27
232809;40
233207;124
233705;152
234964;1296
235056;727
235191;35
236378;35
239426;699
240803;356
241802;249
241919;59
242831;8999
243062;4499
244121;84
244294;2299
244297;1999
244982;40
248359;199
248998;1225
249768;141
250048;59
250060;529
250281;20
251919;2128
251967;62
252889;246
252890;246
253295;285
253737;28
253825;29
254040;26
256099;243
256868;2124
257651;273
258023;44
258618;126
259553;127
259561;53
259751;38
259766;59
260189;48
260561;417
260564;149
261291;88
262124;115
262224;184
262225;281
262292;281
263027;22
263032;10
264593;1136
265718;36
266437;71
267437;9
268516;24
269633;168
271943;1502
272681;54
272810;52
273001;99
273156;39
273452;10
274281;194
276439;71
280138;2129
281213;38
281325;58
283643;200
287443;524
289449;59
289682;254
289989;458
290529;59
290850;45
291291;67
294570;1935
294781;54
296733;43
297123;129
297714;1097
297973;18
299279;899
300567;213
301364;49
303846;35
304231;506
304942;62
306401;39
307896;39
308456;249
310851;1179
312433;238
312486;243
313595;1649
314131;744
316222;39
316228;8
316310;29
316428;538
319154;159
321265;18
323422;1299
323917;9
324528;24
325869;35
327856;32
328616;17
328862;15
329034;48
336020;20
337116;46
337245;73
338039;30
338387;58
338970;252
339204;65
341736;53
342289;65
343623;20
343669;19
344207;52
344633;26
344636;29
345407;15
345414;56
345474;11
346484;899
346787;1899
349946;82
351100;44
352728;13
353244;155
355685;239
356330;19
357096;59
359859;1585
359951;1344
361878;24
362028;14
363888;29
364302;511
364780;267
365357;249
367353;103
367561;343
371645;145
371706;199
374896;58
377947;53
378615;96
378777;249
380196;99
382489;14
386008;35
386815;36
387569;34
388919;29
390331;77
390607;42
395611;28
395695;119
396432;20
396658;273
396659;273
397548;31
397553;105
405807;42
406045;199
406048;699
408773;14
412194;326
413610;1206
415953;50
421700;969
422917;36
424131;115
424291;59
424494;35
424508;12
428996;36
429476;220
429995;19
432597;164
433371;111
437545;45
437551;232
438486;1899
438488;899
441188;19
444046;1120
444497;25
444799;89
445305;17
445452;1298
446883;44
447605;112
449154;29
449574;197
449631;200
449685;1709
450199;50
450898;59
453299;3
453495;40
454843;342
455216;116
455321;43
455411;60
457716;56
462851;19
462852;19
463855;69
463991;1422
468522;269
472025;17
476643;37
477514;38
480764;71
480827;195
481218;1899
482896;45
482989;13
485176;89
485561;31
486650;165
486717;34
487028;2312
488966;371
489061;41
489072;62
492604;1039
492766;47
493983;3
496635;187
497804;242
497891;62
498344;648
498888;542
501025;187
501518;313
501523;1025
504417;365
504630;65
504653;27
504682;967
505258;16
505380;1847
507276;1686
508314;1851
508486;1382
510373;113
514312;206
516992;248
519852;13
522855;175
524125;226
524288;1699
524672;198
524819;59
524914;43
527905;5266
531027;153
531145;7998
531503;1954
531648;39
531732;109
531904;49
532736;1085
534897;75
535510;39
535513;37
536982;43
538968;2199
543204;1695
550158;65
551336;1999
552280;248
553560;6
553867;612
555331;53
556499;145
556886;37
557675;36
557864;1199
557991;59
558558;33
559368;252
563507;997
564088;418
564602;328
565700;234
565807;330
566594;721
566633;59
566698;53
567233;349
567691;1629
568433;206
568460;57
569154;349
569826;449
570654;32
570736;233
572112;6
575333;43
575676;16
577468;296
577870;13
578886;20
579462;78
579483;16
580001;215
580439;57
581654;263
581795;30
582372;2890
582421;212
582448;690
583583;44
583588;30
584285;89
587855;142
587897;227
588568;1539
589083;49
589337;18
591063;274
592142;127
592203;186
594282;41
594802;101
595005;27
595012;755
596225;79
596321;16
598306;253
598537;2849
599699;27
599881;2199
601037;1620
601988;206
604347;10
607357;470
607899;329
608444;521
609066;13
609301;1026
610417;59
610898;1685
614515;40
615017;373
615554;48
616179;11
616912;978
621305;39
621864;39
623745;488
625970;482
626696;39
626952;40
627407;496
629286;237
629314;231
630544;47
630595;168
630598;71
630814;127
631647;912
633946;210
639697;8
639862;24
641573;11
645967;147
645969;138
647568;1818
650621;919
650722;305
651894;5578
651901;2139
652771;64
652937;37
653205;50
653217;52
655858;487
656160;37
658602;258
659111;761
661302;225
661304;202
665085;118
667214;108
675557;19
675771;19
677058;46
677211;212
677871;29
677877;44
681430;318
683562;29
686688;115
687394;2
687595;46
687601;31
688532;19
688608;552
688618;66
689880;44
690391;301
690617;102
694276;37
694513;201
694575;368
696035;13
698335;29
699347;214
700769;444
701366;42
704122;204
704643;97
704709;97
705263;133
707277;38
707406;305
707862;317
708146;955
708993;1628
710779;52
712358;160
712404;24
712841;59
713463;206
713528;2
716624;8
716710;500
716878;41
717594;323
718222;478
718556;2751
719020;128
719125;217
719150;42
720327;50
722091;919
722803;37
722962;1616
723015;1675
723270;178
725519;326
726394;192
726613;209
727751;538
727917;68
728134;111
732594;458
732690;50
735684;480
736918;70
737394;27
738282;208
738328;49
739310;1149
739717;109
740265;240
740847;215
741737;1961
742570;213
743046;59
743309;26
743572;145
744423;225
744426;225
745312;1239
747532;25
748561;208
748672;71
748950;57
750068;65
750961;229
751697;239
753639;29
753644;7
753911;34
754493;248
754758;220
757839;40
760257;61
762626;149
763245;153
764751;278
765970;31
766047;12
773721;19
773790;31
779832;45
780829;651
782114;516
782376;1356
782402;266
782633;13
783171;220
783603;99
784435;102
787793;62
789301;154
791495;12
791550;60
791552;16
791556;28
796211;52
799491;17
804989;243
805361;147
807953;173
818917;1054
819199;34
823668;6
830674;484
830675;876
835813;37
837433;146
838574;5722
842627;2182
843761;135
859889;109
869645;43
869659;146
870544;38
876370;101
876382;38
882088;259
885821;37
886689;63
942081;34
943648;43
945550;22
953670;37
953763;55
953766;40
953794;17
961002;2776
961325;2355
961379;7125
962127;38
962191;1789
962793;748
963403;548
964582;52
965867;226
965868;233
966027;2649
966204;7999
966990;59
967731;6700
967856;440
968417;1729
969503;6999
969550;9297
969571;2259
971428;513
972333;5578
972764;1341
974345;228
980170;1639
982841;607
982897;25
984295;45
984296;34
985849;201
985979;22
986752;993
987920;978
990386;42
990892;349
996505;121
996585;119
996945;2023
997886;338
998032;66
998126;77
998375;9
998414;290
998435;156
999665;119
1000956;1334
1001214;245
1001519;500
1001788;138
1001792;130
1003443;378
1004706;41
1005721;238
1014876;227
1015450;242
1015915;526
1025446;81
1032676;53
1034604;96
1038247;1620
1038483;94
1038508;631
1038509;437
1038603;2322
1040055;363
1040208;94
1040520;296
1040521;296
1041258;615
