462;36
1286;48
1290;9
1300;87
2485;156
2495;116
2503;182
2580;178
2842;9
4376;9
5226;70
6127;112
6786;48
7331;67
7412;9
7917;9
8745;211
8967;191
9542;53
10082;118
10452;116
10741;178
10930;170
11056;145
11350;120
11368;260
12272;204
12301;112
12594;120
12662;25
12670;179
12680;55
13078;9
14130;212
14326;184
15014;146
15625;236
15883;93
16870;165
16873;63
16973;186
16977;246
17016;218
17197;242
17198;260
17852;116
17909;269
18068;203
18077;273
18831;18
19058;32
19172;260
20701;212
20893;32
20938;186
21002;36
21414;31
21428;112
21897;179
22404;152
22474;128
23174;232
23483;156
23699;19
23702;254
24101;130
24204;36
24279;260
24283;149
24842;38
25026;242
25429;211
25629;31
26079;36
26085;120
26203;112
26506;18
26622;266
26680;107
26687;19
26900;93
27442;246
27888;246
28265;191
29945;183
31777;249
31988;31
34326;28
34794;133
35465;29
36170;116
37565;249
37775;95
38255;247
38346;251
38350;111
38384;18
38767;48
39749;70
39769;72
40238;53
40462;282
41144;93
41236;25
41279;263
41669;8
42077;142
42081;76
43451;244
43512;101
43585;62
43958;160
44037;29
44162;48
44862;20
45279;18
45377;251
45981;83
46860;48
47082;178
47476;127
49239;179
49629;38
49946;212
50040;64
50179;227
50301;80
50597;36
50603;206
50950;186
50979;183
51474;181
52883;269
53070;198
53262;51
53306;211
53358;15
53930;260
54249;249
54568;200
55499;120
56020;227
56074;5
57873;80
58620;197
58849;80
58925;117
59581;178
60255;123
60652;250
61033;93
61042;48
61667;93
62264;162
62359;207
62658;80
63242;127
63867;197
64804;144
65094;186
65330;182
65706;200
65766;105
65796;235
66239;187
66721;137
66907;197
67589;23
67651;203
67697;213
67846;133
67948;225
68478;93
68697;93
68779;31
69411;241
69580;182
69807;112
70539;24
70843;142
73811;142
74972;29
75197;80
75200;204
75374;112
75524;200
75531;117
75649;260
75725;94
76254;270
76685;246
76945;33
77798;117
77804;60
77858;124
78578;248
80195;260
80340;107
80867;95
81290;87
82989;171
85391;242
86372;75
86543;187
87909;70
88359;67
89755;38
91032;31
91179;128
91540;156
91739;109
91862;107
94490;179
94629;123
94924;98
95547;53
95561;226
95643;121
96024;157
96034;53
98124;141
98411;20
99323;220
99594;23
99913;34
100129;48
100990;156
100991;31
101498;10
101499;190
101520;180
101866;23
102090;1
102663;38
102983;64
105355;51
105641;197
106457;127
106750;48
106892;186
106904;112
107716;38
107990;93
108111;90
109864;187
109964;48
110084;95
111036;132
111050;262
111244;60
111532;183
112082;76
113299;214
113813;235
114826;268
115044;142
115650;246
115679;112
116550;64
118257;189
118521;171
118847;203
119172;268
120742;21
120925;103
121224;76
122995;48
123303;40
123463;244
123943;146
124194;213
124286;97
124417;272
124911;222
125622;179
126360;15
126977;116
128618;9
129001;76
129220;1
129738;55
129794;187
129865;54
131509;212
132045;221
132551;22
132974;246
133804;278
133806;55
134791;215
135161;4
135657;2
137719;40
138512;38
138514;263
139777;149
140901;76
140994;115
141207;178
142907;212
144196;222
144290;80
144487;9
145028;48
145409;114
145617;133
147136;117
147193;142
147364;76
149664;142
150429;282
150695;112
151676;220
151697;58
152065;134
152074;23
152687;25
153825;248
155916;215
156039;179
158389;25
161725;163
163106;216
164740;246
165809;213
167283;141
167810;88
168995;247
171195;234
171827;184
171926;15
172569;278
173153;231
173574;120
174097;186
175166;116
175403;187
175647;163
176335;274
176727;116
177113;269
179927;36
185348;48
186605;280
186813;216
187424;148
187456;2
188716;116
189480;161
190699;177
190951;90
194658;4
195803;98
196469;168
197268;172
197806;102
197878;184
197885;205
198191;138
198477;278
198675;229
198909;180
200269;265
201384;282
202225;48
203550;111
203712;248
203848;212
205370;130
207364;220
207383;141
208148;94
208463;68
209792;201
210960;197
212195;59
212309;233
212349;93
212492;182
212708;107
213800;130
214254;77
215363;268
216692;177
216700;184
216840;94
218565;281
219639;158
220538;87
222326;197
222822;164
223054;278
223742;34
224304;201
224441;270
225112;23
227113;18
227256;25
227382;254
227631;244
227692;18
229503;277
229680;114
230295;199
230566;71
231417;230
232809;12
232845;206
233207;84
233221;268
233705;104
233807;51
234964;18
235191;54
236378;130
237009;77
237659;94
239426;118
240803;135
242070;225
242428;161
242448;127
242831;75
243062;152
243406;15
244121;204
244982;266
247998;206
248350;62
248359;21
249601;223
250520;244
251919;250
251967;177
252889;233
252890;137
253737;130
253788;72
255261;116
257651;233
257809;175
257812;124
257814;68
258023;273
259561;57
259751;266
259758;10
259766;98
260561;16
261291;248
261854;191
262124;172
262174;123
262225;183
262292;41
263032;108
263127;222
264062;33
264593;138
265709;10
267437;187
268516;33
269041;157
269566;23
271943;90
272681;181
272947;98
273156;59
274726;20
280138;49
281325;181
282542;68
285523;223
289989;142
290529;240
294157;15
294570;29
294777;15
294781;133
297123;83
297714;18
297887;279
297973;125
300567;40
303846;81
304231;142
306401;12
310851;231
310961;97
312106;97
312433;156
313595;9
315637;116
316228;63
316310;61
316337;214
321265;161
322302;128
322893;36
325870;239
328544;163
328558;241
328636;102
334274;38
334308;93
334542;88
336020;24
337116;271
338039;133
338453;278
340226;213
340740;115
341736;39
342283;195
344207;102
344633;61
344636;281
345477;63
345687;112
345942;150
346787;93
346828;176
348446;266
349946;234
352745;192
353113;276
353244;106
355685;31
356330;136
357096;276
359859;9
363888;202
364780;31
366420;234
367561;15
368267;181
371706;156
372105;8
374896;241
375046;272
377256;56
377947;129
386008;180
386060;67
386815;133
387088;133
387569;20
390607;20
394443;208
395611;168
395695;83
396658;233
396659;137
397498;146
397548;54
397553;275
397828;251
398418;230
404446;34
405807;218
406048;118
408773;14
409656;90
412016;223
412194;110
413610;132
414266;243
414993;34
415953;273
421199;112
422704;28
422917;165
423587;18
424508;219
425426;187
427643;2
428996;27
429476;84
429995;33
432597;143
434193;126
434912;56
435201;14
435439;186
435942;124
437545;59
438486;93
438488;38
438773;48
444497;279
444498;226
445305;278
446741;40
446883;20
447605;83
449154;229
449574;116
449631;272
450008;15
450199;23
451949;242
453299;194
453888;253
454843;16
454998;126
455321;256
460562;23
462852;24
463855;270
463991;9
465447;55
468522;166
472025;219
474456;90
475385;55
476643;54
477514;77
478880;50
480764;25
481128;48
481218;70
482348;121
482896;266
482989;219
485187;103
486650;143
486688;188
486882;230
487028;242
489061;32
489072;81
493367;266
493983;22
495606;280
496340;128
496595;21
498888;178
501518;186
501523;112
504653;7
504682;251
505174;74
505380;29
507276;93
508314;70
514312;145
515366;178
516992;182
519208;31
522855;41
524125;68
524819;179
527735;32
527905;152
528462;94
528648;172
528714;197
531503;29
531648;10
531732;190
531904;98
535510;165
535513;7
535634;80
536141;262
536982;266
539208;242
539542;48
541486;55
549132;190
550158;23
550650;31
551336;70
552072;36
552280;53
552645;130
553560;187
553867;244
556499;203
556886;168
557675;180
557682;59
557864;18
557991;98
563365;239
563507;112
563831;114
564088;16
564602;64
565700;116
566496;246
566594;67
566633;204
566698;5
567691;246
567990;133
568433;104
568460;179
569154;64
569826;169
570654;54
571225;172
572112;187
575198;197
575333;266
575510;121
575676;121
577468;225
578166;76
578886;214
579434;281
579462;270
579483;14
580321;63
580439;179
581795;163
582000;93
582448;244
582899;241
583588;101
587360;183
591063;225
591677;142
592808;87
593927;278
594282;133
594802;172
595012;38
596321;74
598524;29
598537;48
599881;70
600401;112
601025;93
601037;9
601051;48
601988;68
602111;105
603128;212
605090;212
605272;94
607357;142
607899;15
608444;126
609066;191
609301;251
610625;184
610898;70
615017;186
615554;280
615787;216
616179;208
617112;129
621305;59
623745;197
626054;62
626884;189
626952;7
628538;211
629286;268
629314;225
629836;88
630595;128
631313;32
631647;231
633946;40
634127;204
635965;244
639697;187
639862;235
640374;267
641573;66
645967;97
647568;70
651024;215
652027;93
652531;201
652739;270
653205;115
655842;172
655858;142
656160;20
658602;137
659111;244
661302;31
665085;94
667214;94
671808;40
672952;279
675557;109
675627;102
675771;56
677058;133
677207;31
681430;186
687119;121
687252;25
687394;22
687601;279
688454;197
688608;126
688618;179
689880;266
690103;133
690391;76
690393;142
690617;94
693990;79
693996;221
694002;227
694003;183
694276;134
694513;116
695280;176
698335;216
699347;156
703466;239
704643;94
705263;203
707277;165
707630;48
708146;112
708436;253
710283;104
710562;101
710798;25
710983;179
711861;21
712358;79
712364;221
712404;130
712570;22
712841;105
713014;203
713463;68
714994;9
715825;266
716215;126
716624;187
716710;126
716878;133
717594;64
718388;80
718981;165
719020;203
719150;133
720327;23
720351;25
721916;18
722091;112
722787;70
723015;9
726394;116
727751;118
727917;80
728615;142
728617;76
728854;248
731581;112
732594;259
732690;181
735684;126
735736;223
737394;263
738282;40
739717;190
740256;99
740265;268
740847;116
741154;239
741737;29
743309;130
743572;203
744250;156
744426;137
745312;114
748672;179
748950;179
750049;23
751697;228
752461;18
753639;192
753644;208
753911;99
754072;149
754493;228
762626;212
765970;235
766047;74
766401;218
779832;62
780767;169
782859;225
782929;99
783171;44
783603;188
784435;190
786880;21
789384;56
791552;224
791556;66
796211;218
805361;97
805465;104
807575;128
807953;21
818917;231
819199;59
823668;208
830463;232
830674;69
830675;164
834976;20
834979;10
835791;105
835813;180
838574;152
840771;110
842627;87
843761;127
859889;172
869659;212
870544;10
876370;106
876382;276
902089;179
915820;216
934836;68
935313;14
941929;172
942081;20
943648;62
945085;97
945550;269
953750;31
953763;179
953794;230
961013;87
961379;262
962127;266
962793;38
963403;178
964582;129
965867;272
965868;156
966048;9
966178;9
966204;75
967683;22
967856;107
968476;112
969368;50
969550;75
969571;242
973109;244
974345;68
975980;62
983363;243
984295;59
984296;54
985849;116
985979;56
986752;277
987920;112
988015;20
990386;20
990892;64
996256;15
996342;187
996505;146
996580;275
996585;172
997886;124
998414;222
999665;275
1000899;25
1001519;197
1001788;97
1001792;128
1004710;190
1005721;31
1012631;69
1014876;156
1015450;212
1015915;126
1032676;98
1038084;9
1038217;48
1038248;38
1038509;76
1039410;48
1039459;225
1039500;203
1039632;156
1039649;93
1039845;105
1040520;137
1040521;233
1040676;15
1041258;197
