116;1699
1290;1570
1300;2238
1665;212
2485;203
2495;202
2842;1618
4376;1513
4936;574
5226;1842
6127;929
6152;1490
6786;2760
7412;1697
7917;1698
9639;19
10082;699
10356;202
10452;218
10741;545
10930;199
10931;199
11242;340
11350;1553
11753;1599
12301;1008
12594;1799
12662;69
12670;49
12680;39
13123;199
14326;137
15063;44
16870;46
16873;8
16977;1613
17016;55
17197;2799
17198;1499
17241;2887
17358;2278
17852;205
17909;18
18068;140
18077;42
18157;1217
19058;30
19064;39
19165;3106
20701;134
21002;1308
21414;227
21428;1099
21897;62
22404;5999
22474;159
23448;236
23483;218
23699;706
23702;6770
24101;31
24204;1324
24279;1499
25155;484
25227;10
25631;213
26085;1999
26156;2513
26203;1079
26622;44
26680;539
26687;699
26900;1463
27442;1741
27888;1696
28660;221
29945;253
30011;1399
30605;227
30621;160
30979;1679
31777;121
31988;226
32560;1559
34170;2399
34326;225
34794;39
35465;1992
36156;233
37775;29
38255;2099
38346;971
38350;560
38384;1210
38767;2921
39275;243
39504;319
39689;574
39749;1842
40238;200
40462;285
41236;78
41279;42
41499;1143
41931;231
43451;653
43580;21
43585;54
43958;65
44162;2849
44862;40
45279;1207
46295;75
46440;56
46860;2775
47476;141
48982;19
50301;47
50597;1319
50654;342
50950;289
50979;229
51474;52
52206;547
52223;75
52805;30
52883;15
53262;35
53306;2007
53358;313
53930;1392
53986;696
54249;94
54750;238
55499;2071
55833;158
56018;322
56020;273
56027;8
56509;1299
56897;982
57035;269
57873;59
58849;78
60295;702
60652;2055
61042;2999
61043;1799
61667;1662
62264;75
62359;60
63204;41
63242;159
63867;535
64248;64
64721;86
64804;7
65094;378
65171;221
65330;249
66316;491
66721;190
66847;1333
66907;485
67610;88
67651;162
67695;66
67846;55
68331;1177
68695;799
68697;1348
68952;185
69374;2799
69411;47
69580;249
69807;940
70443;1362
71125;1728
71633;514
72731;1499
72742;2749
72884;20
73820;330
74808;11
74972;1999
75197;51
75200;73
75374;997
75531;293
75649;1399
75722;258
75725;128
76685;1679
76945;29
77809;549
77858;365
78954;1749
80867;29
81290;2233
86543;17
88359;616
89075;8999
89753;1449
91032;209
91507;1299
91540;189
91739;24
91862;629
94465;199
94490;52
94629;54
94924;56
95123;317
95547;229
95561;49
95643;19
96024;15
98016;54
98124;71
98312;1799
98434;111
99588;1241
99595;70
99913;19
100129;2849
100990;204
101498;63
101520;46
101775;37
101866;64
102983;343
105641;514
106457;149
106553;267
106750;2650
106892;338
107716;899
107990;1849
108111;1246
109481;28
109964;2849
110052;16
110084;34
110250;2999
110949;10
111036;699
111243;549
111244;399
111532;299
112082;231
113299;11
113813;28
114826;263
115044;509
115520;949
115679;1085
116753;2999
117492;64
117504;75
118257;167
118521;1399
119172;303
120925;13
122012;24
123256;488
123303;213
123992;36
124286;170
124417;246
124450;284
124911;269
125629;44
125766;1619
126360;331
128004;59
128618;1751
129001;256
129738;43
129865;30
130651;17
130831;299
131509;149
132045;165
132046;141
132551;5
133806;51
135161;13
135657;30
135965;39
137719;215
138512;899
140901;365
140994;28
142075;205
142275;1736
142746;69
142907;132
144233;35
147136;269
147193;535
148487;40
149664;527
150669;38
150695;979
151669;160
151697;649
152065;36
152687;75
153825;69
155553;55
155916;81
157279;73
158039;224
158389;75
160714;139
164740;1569
165584;2699
165809;69
165888;59
167175;47
167303;24
167810;33
168995;2016
169073;24
171195;59
171827;138
172569;21
172620;261
173153;849
173402;82
174097;389
174159;25
174372;21
175157;26
175166;209
175403;10
176335;1041
176766;52
184335;6887
184550;1261
185177;46
185357;1699
186605;49
186813;28
187424;60
187456;23
187467;63
188102;5090
188716;199
189480;20
189481;41
190699;99
190951;1366
191014;62
191515;39
194658;21
196469;31
197806;35
197878;149
198191;1206
198963;105
200269;10
203550;578
206816;3568
207046;20
207102;59
207383;72
208019;48
208427;408
208463;240
208968;1115
209414;89
209792;20
212195;43
212309;193
213800;23
214254;44
216613;85
216692;99
216700;149
216840;103
216975;233
217883;476
219639;189
219975;39
220265;512
220932;135
222326;443
222329;1666
223742;17
223807;468
224304;20
225937;129
226811;13
227113;1199
227382;5999
227631;703
229484;59
229503;1251
230295;12
230668;135
231417;27
232845;14
233207;124
233221;270
233598;11
233705;152
233807;34
234368;47
234964;1296
235056;727
236378;35
237009;38
240803;356
241802;249
241919;59
242428;34
242448;169
242831;8999
243062;4499
243406;373
244121;84
244294;2299
244982;40
247998;11
248350;49
248359;199
249347;29
249768;141
250060;529
250281;20
251967;62
252889;246
252890;246
253295;285
253737;28
253788;10
253793;172
253825;29
256099;243
257651;273
257812;394
257950;273
258023;44
258618;126
259561;53
259565;45
259758;45
259766;59
261854;13
262124;115
262174;61
262225;281
262621;5
263032;10
263788;59
264062;24
264593;1136
265709;34
265718;36
266437;71
267437;9
268516;24
269041;28
269633;168
271943;1502
272681;54
273001;99
273156;39
273452;10
273902;205
274726;36
281325;58
285523;1692
286658;32
289449;59
289682;254
289989;458
291291;67
291293;50
294570;1935
294777;381
294781;54
296733;43
297123;129
297714;1097
297973;18
300567;213
301364;49
303846;35
304231;506
304946;63
305903;19
306401;39
307896;39
307902;24
308456;249
310961;169
312433;238
313595;1649
314131;744
315637;215
316228;8
316310;29
316428;538
320383;423
322302;159
322893;1404
323422;1299
323917;9
325869;35
327856;32
328558;70
328616;17
328630;14
328636;37
333524;41
334274;1029
334308;1620
334542;65
335726;1266
337245;73
337632;37
338039;30
338453;20
338970;252
340226;144
341801;1399
343623;20
344207;52
344633;26
345255;21
345414;56
345474;11
345687;1037
345942;27
346787;1899
346828;26
348446;59
351100;44
352728;13
352745;66
353113;69
356330;19
357096;59
359859;1585
362028;14
364780;267
365357;249
366420;122
368267;53
374896;58
377256;20
377947;53
378777;249
380098;50
380196;99
382489;14
386008;35
386060;903
387088;43
388445;37
390331;77
390607;42
394443;8
395695;119
396432;20
396658;273
396659;273
397498;147
397553;105
404446;15
406048;699
408773;14
409656;1319
412016;1497
414993;19
417323;159
421199;1129
421700;969
422917;36
424494;35
425426;2
426072;249
427092;1769
427643;29
430516;55
434193;567
434912;23
434959;190
435439;335
437545;45
438486;1899
438488;899
438773;2849
439398;267
443049;255
444046;1120
444498;30
444799;89
445305;17
445452;1298
446741;194
447420;199
449154;29
449631;200
449685;1709
450787;17
450898;59
451949;2941
452404;1565
453299;3
453495;40
456516;78
457716;56
460562;69
462851;19
462852;19
463855;69
463991;1422
474456;1896
475385;38
476643;37
477514;38
478880;370
480764;71
481128;2811
481218;1899
482348;19
485187;21
486717;34
486798;553
486882;21
487028;2312
488966;371
489072;62
490311;495
492451;44
492604;1039
492766;47
495502;35
495606;36
496340;176
496635;187
497804;242
497891;62
498337;273
501025;187
501518;313
501523;1025
504417;365
504630;65
504653;27
505174;15
505258;16
507269;2703
508314;1851
510373;113
513637;41
514312;206
519208;253
519852;13
521601;40
522490;71
522893;39
524125;226
524288;1699
524672;198
524814;53
526109;1149
527735;19
528462;93
528628;235
531027;153
531145;7998
532736;1085
535510;39
535513;37
535634;62
536141;7100
536169;2275
536251;198
539542;2841
543204;1695
549132;123
550158;65
553867;612
556886;37
557864;1199
557991;59
558558;33
561771;160
563507;997
563831;1187
565700;234
565807;330
566594;721
566698;53
568460;57
569154;349
569826;449
570654;32
571225;102
574876;24
575198;482
575333;43
575510;20
578504;132
578886;20
580001;215
580511;32
581654;263
581795;30
582372;2890
582421;212
582448;690
582755;450
582899;75
584285;89
587855;142
587897;227
588568;1539
589083;49
589337;18
591676;319
591677;500
592142;127
592203;186
592808;2084
592813;1749
593927;22
594282;41
594802;101
595005;27
595012;755
596225;79
596519;225
598524;1899
599869;9899
601051;2899
601988;206
602111;65
603128;148
605272;129
608444;521
609066;13
610625;135
613855;2099
615017;373
615488;170
615554;48
616179;11
621703;39
621864;39
626696;39
626710;491
626884;207
626952;40
627407;496
629836;37
630051;228
630544;47
630598;71
630814;127
631647;912
634127;56
635965;667
639681;40
639862;24
641344;127
645969;138
647568;1818
647583;37
650621;919
651024;80
652027;1616
652771;64
652937;37
653217;52
655842;101
655858;487
659204;382
661269;26
661302;225
663252;144
663340;173
664774;141
667214;108
667282;168
671808;234
672952;29
675557;19
675627;36
677058;46
677207;249
677211;212
677871;29
681430;318
687119;23
687252;80
687394;2
687595;46
687661;220
688532;19
688608;552
688618;66
689880;44
690391;301
690393;471
693990;166
693996;185
694002;195
694003;235
694513;201
696035;13
699347;214
700769;444
701366;42
703466;199
704643;97
704709;97
705263;133
707406;305
707508;41
707630;2760
707862;317
708436;19
708993;1628
710562;27
710779;52
710798;67
711861;181
712358;160
712570;2
712652;136
713014;128
713463;206
713528;2
715825;41
716215;484
716710;500
717594;323
718222;478
718370;331
718556;2751
719020;128
720351;67
722091;919
722707;305
722787;1818
722803;37
722962;1616
723015;1675
726613;209
727917;68
728134;111
728597;53
728615;460
728941;59
732594;458
735684;480
736918;70
737394;27
739717;109
740265;240
740847;215
742570;213
743572;145
744426;225
748230;264
748561;208
748672;71
750049;51
750068;65
752361;50
752461;1252
753911;34
754493;248
754758;220
755540;42
760257;61
763245;153
765970;31
766401;50
780767;450
780829;651
782376;1356
782633;13
782859;264
782887;243
783141;208
784435;102
786880;169
787793;62
789384;16
791495;12
791550;60
796211;52
799491;17
804975;643
805361;147
807953;173
818917;1054
819199;34
830674;484
830675;876
835791;63
835813;37
837433;146
842627;2182
859889;109
869645;43
870544;38
871401;38
871404;54
876370;101
876382;38
885821;37
902089;62
915820;37
924694;143
934836;214
941929;95
942081;34
943648;43
945085;179
953670;37
953672;134
953753;201
953766;40
961013;2252
961325;2355
962051;3017
962191;1789
963403;548
964582;52
965867;226
965868;233
965872;255
966048;1359
966050;1349
966204;7999
966990;59
967683;9
967889;699
968476;999
969368;242
969503;6999
969571;2259
971428;513
972333;5578
972764;1341
973109;709
974345;228
974458;1650
975980;40
980927;478
982841;607
982897;25
983363;376
984296;34
985979;22
987378;349
987920;978
988015;35
990892;349
996256;337
996342;11
996505;121
996580;114
996585;119
996945;2023
997888;461
998126;77
998375;9
1000316;278
1000629;203
1001214;245
1001519;500
1001788;138
1001792;130
1001824;25
1004706;41
1014876;227
1015450;242
1016112;266
1025446;81
1038217;2575
1038247;1620
1038483;94
1038508;631
1038509;437
1038603;2322
1039632;265
1039649;2165
1039845;94
1040055;363
1040208;94
1040520;296
1040521;296
