116;9
462;36
1665;156
2485;156
2503;182
2838;93
4376;9
4936;178
5226;70
6127;112
7331;67
7412;9
8745;211
8967;191
9542;53
10082;118
10420;225
10741;178
10930;170
11056;145
11350;120
11605;87
11753;9
11936;112
12272;204
12662;25
12670;179
12680;55
13078;9
14130;212
14249;176
14326;184
15014;146
15063;266
16076;222
16870;165
16873;63
16973;186
17198;260
17241;48
17909;269
18831;18
19165;242
19172;260
20893;32
20938;186
21002;36
21414;31
21428;112
21897;179
22404;152
22474;128
23174;232
23483;156
23699;19
24101;130
24279;260
24283;149
24842;38
25026;242
25155;69
25429;211
26085;120
26203;112
26506;18
26900;93
28265;191
29945;183
30011;260
30605;31
31988;31
32560;93
34170;87
36170;116
36244;184
37565;249
38255;247
38346;251
38384;18
38767;48
39275;31
39639;218
39689;178
39749;70
39769;72
40238;53
41279;263
41669;8
41931;40
42269;212
43451;244
43512;101
43563;128
43585;62
44037;29
44119;178
44162;48
45057;16
46295;105
46860;48
47082;178
47126;168
47289;15
47476;127
48490;118
48611;244
48982;232
49629;38
49946;212
50040;64
50179;227
50597;36
50603;206
50654;64
50950;186
50979;183
52805;161
52883;269
53070;198
53986;19
54249;249
55230;33
55499;120
55803;266
55833;212
56018;183
56074;5
56509;260
56897;112
57035;228
57822;53
58925;117
59581;178
60295;19
61033;93
61043;9
61667;93
62264;162
63204;20
63255;158
63867;197
64248;25
65072;93
65094;186
65330;182
65520;40
65766;105
65796;235
66239;187
66316;126
66847;36
66907;197
67079;61
67610;25
67697;213
67948;225
68695;38
68779;31
68952;227
69374;242
69411;241
69807;112
70443;9
70539;24
70835;84
72884;33
73036;105
73820;76
74642;266
74808;4
74972;29
75197;80
75200;204
75374;112
75524;200
75531;117
75649;260
75722;228
75725;94
76163;19
76254;270
76685;246
76696;112
76855;126
77798;117
77804;60
77809;78
78297;178
78578;248
78954;93
80195;260
80340;107
81290;87
82989;171
83783;245
85391;242
86372;75
87079;179
87909;70
89075;75
89148;16
89342;145
91010;94
91032;31
91507;260
91739;109
91862;107
94426;121
94428;212
94490;179
95547;53
95561;226
95643;121
96024;157
96034;53
98016;23
98411;20
98434;172
98690;14
99115;129
99119;62
99323;220
99594;23
99595;25
99913;34
100129;48
100574;242
100715;111
101498;10
101499;190
102090;1
102663;38
102983;64
103058;8
105355;51
106553;222
106750;48
107716;38
109864;187
109964;48
110052;4
110084;95
110250;42
110949;267
111036;132
111243;78
111244;60
112082;76
113813;235
115044;142
116753;42
117271;155
117492;179
117504;213
118257;189
119172;268
120742;21
121224;76
121663;156
122995;48
123303;40
123463;244
123992;165
124194;213
124286;97
124450;225
125629;77
128004;129
128618;9
128855;29
129001;76
129220;1
129738;55
129794;187
130445;191
130651;278
130807;178
132046;79
132551;22
132974;246
133804;278
135161;4
135623;156
138295;272
138512;38
140994;115
144196;222
144233;163
144482;49
145409;114
147136;117
147193;142
147364;76
149664;142
150429;282
150669;7
150695;112
151669;205
152687;25
155553;105
156039;179
157279;248
158039;40
158658;179
159634;100
159737;87
160714;128
160722;56
162173;105
163106;216
164325;167
165809;213
165888;80
167175;80
167283;141
167810;88
168995;247
169073;176
170291;133
171827;184
171926;15
172569;278
173153;231
173402;248
173574;120
174097;186
174372;4
175166;116
175647;163
176314;138
176335;274
176766;55
177113;269
179927;36
184550;171
185177;180
185357;9
187424;148
187456;2
187467;234
188716;116
189480;161
189927;172
190699;177
190951;90
191014;123
191515;20
193210;127
196469;168
197268;172
197806;102
197878;184
197885;205
198114;98
198191;138
198477;278
198675;229
199200;39
201384;282
202329;266
203550;111
203712;248
203779;191
204735;259
206816;42
207046;253
207383;141
208463;68
208968;18
209792;201
210960;197
212154;125
212309;233
212492;182
212708;107
213800;130
214254;77
216549;22
216613;204
216700;184
216840;94
217883;142
218565;281
219671;75
220538;87
220932;146
222326;197
222329;82
222822;164
223054;278
223742;34
223807;126
224304;201
224441;270
225937;203
226811;253
227113;18
227256;25
227631;244
229484;80
229503;277
229680;114
230566;71
230668;83
232809;12
232845;206
233207;84
233221;268
233598;191
233807;51
235056;244
236378;130
237009;77
237659;94
240803;135
240950;213
241802;261
241919;80
242070;225
242218;258
242831;75
243062;152
243406;15
244121;204
244294;211
244982;266
247998;206
248350;62
248359;21
248998;90
249347;7
249768;79
250060;142
250281;56
250520;244
251919;250
251967;177
252890;137
253737;130
253788;72
253793;41
253825;263
254040;95
256099;282
257651;233
257809;175
257812;124
257814;68
259751;266
259758;10
259766;98
260189;180
260561;16
260564;203
261291;248
261768;77
261854;191
262174;123
262292;41
262621;22
263032;108
263788;207
264062;33
264593;138
264718;143
265709;10
265718;180
266437;162
268516;33
269041;157
269566;23
269656;172
271943;90
272681;181
272947;98
273156;59
273452;72
273902;195
274281;239
274525;52
281325;181
285523;223
287443;142
290529;240
294157;15
294570;29
294777;15
297123;83
297714;18
297887;279
299279;132
304231;142
304869;80
304942;181
304946;80
305903;232
306401;12
310961;97
311978;142
312433;156
312486;31
313595;9
314131;244
316222;192
316310;61
316337;214
322893;36
323422;1
323917;108
324528;229
325870;239
328544;163
328558;241
328616;61
328630;214
328636;102
328862;154
329034;280
334274;38
334308;93
334542;88
335726;114
336020;24
337116;271
337245;25
337632;55
341736;39
341801;93
342283;195
342289;85
343623;96
343669;14
344207;102
344633;61
345474;208
346484;38
346828;176
349828;181
352728;257
352745;192
355685;31
356330;136
357096;276
359951;138
361878;203
362028;206
364185;180
365357;156
365525;86
367353;148
371706;156
372105;8
377067;154
377256;56
378777;167
380196;179
381148;10
382489;214
386060;67
386815;133
387088;133
388919;54
390331;248
394443;208
395611;168
396432;109
396658;233
396659;137
397498;146
397553;275
404446;34
405807;218
406045;53
406048;118
408773;14
409463;110
412194;110
413459;144
414266;243
415953;273
421199;112
422917;165
423587;18
424494;150
424508;219
426072;145
427092;120
429338;167
429476;84
429939;133
429995;33
432597;143
434912;56
434959;272
435201;14
437545;59
438486;93
438773;48
444046;231
444498;226
445305;278
446741;40
446883;20
447420;170
447605;83
449685;247
450008;15
450199;23
451949;242
452404;9
453299;194
454843;16
454998;126
455216;215
455321;256
455411;240
457716;179
459331;9
463855;270
468522;166
472025;219
475385;55
476643;54
477514;77
478880;50
480764;25
480827;239
482343;212
482348;121
482989;219
485561;121
486688;188
486717;51
486798;15
486882;230
489061;32
492451;266
492604;18
492766;266
493283;130
493367;266
495502;20
495606;280
496595;21
501523;112
504417;76
504598;104
504630;25
504682;251
505258;232
505380;29
506808;44
507269;48
508486;9
514312;145
515366;178
519208;31
521601;180
522490;215
522855;41
524125;68
524672;137
524819;179
524914;133
527735;32
528462;94
528714;197
531027;184
531145;75
531503;29
531732;190
531904;98
532736;18
534897;25
535510;165
535513;7
536141;262
536169;242
536251;233
536982;266
538968;87
543204;246
546848;179
549132;190
551336;70
552072;36
553560;187
553867;244
555331;57
556499;203
556886;168
557675;180
557682;59
557864;18
558558;20
559368;31
561771;128
563831;114
564088;16
564602;64
565807;186
566496;246
566633;204
566698;5
567233;15
567691;246
567990;133
568433;104
569154;64
569826;169
570654;54
571225;172
572112;187
574876;33
575198;197
575676;121
577468;225
578166;76
579434;281
579462;270
580321;63
581795;163
582057;16
583588;101
584285;174
587360;183
587855;212
587897;145
588568;36
589083;266
589337;269
591063;225
591676;76
592808;87
592813;70
593927;278
595005;32
596321;74
596519;156
598524;29
599869;75
601037;9
601988;68
603128;212
607357;142
609301;251
610417;226
610898;70
614515;150
615017;186
615488;97
617112;129
617608;186
621864;256
622172;80
622815;53
623745;197
625970;197
626054;62
626696;226
626710;126
627407;126
628538;211
630087;32
630595;128
630598;141
633946;40
634127;204
639697;187
640210;111
640374;267
645967;97
647568;70
647583;165
650722;186
651024;215
651894;152
651901;211
652027;93
652531;201
652771;281
652937;102
653205;115
653217;150
655842;172
658828;4
659111;244
661304;156
667214;94
667282;79
672952;279
675557;109
675627;102
677058;133
677207;31
677211;156
681430;186
683562;130
687394;22
687595;226
688454;197
688618;179
689880;266
690103;133
690617;94
693996;221
694002;227
694003;183
694276;134
694513;116
695280;176
698335;216
704122;195
704709;94
705263;203
707277;165
707406;186
707630;48
708146;112
708436;253
710283;104
710779;23
710798;25
710983;179
711861;21
712404;130
712652;212
713014;203
713463;68
713528;22
714994;9
716624;187
716710;126
716878;133
718370;76
718965;70
718981;165
719020;203
719125;40
719150;133
720351;25
721916;18
722091;112
722707;186
723015;9
725519;64
726394;116
727917;80
728134;146
728854;248
728941;80
731581;112
732690;181
735684;126
735736;223
738328;163
739310;223
739717;190
740256;99
740265;268
741737;29
743572;203
744250;156
744423;233
745312;114
747532;130
748234;233
748672;179
749251;116
750049;23
750961;31
753644;208
753926;268
754072;149
754493;228
754758;31
755540;55
760091;40
763245;50
764751;228
765970;235
766047;74
766401;218
780767;169
780829;197
782114;126
782376;113
782633;66
782859;225
782929;99
783171;44
783603;188
787793;105
789301;97
789384;56
791495;92
791550;270
796211;218
799491;196
804975;67
804989;44
805465;104
807575;128
807953;21
818917;231
830463;232
830674;69
830675;164
834979;10
835791;105
837433;83
838574;152
840771;110
842627;87
843761;127
869645;266
870544;10
876370;106
876382;276
882088;222
885821;180
886689;213
902089;179
915820;216
934836;68
935313;14
945085;97
953670;55
953753;156
961013;87
961018;70
961325;242
961379;262
962051;49
962127;266
963403;178
965868;156
965872;31
966027;48
966178;9
966204;75
966980;62
967731;254
967889;78
969368;50
969571;242
971428;178
972764;36
973109;244
974345;68
974458;223
975980;62
982841;118
982897;95
983363;243
984296;54
985849;116
985979;56
986752;277
990386;20
990892;64
996256;15
996342;187
996505;146
996580;275
996585;172
997886;124
997888;259
998032;80
998126;179
998435;220
999665;275
1000316;268
1000503;213
1000595;203
1000899;25
1000956;90
1001519;197
1003443;186
1004710;190
1005721;31
1012631;69
1015455;282
1015915;126
1016112;225
1032676;98
1038247;93
1038248;38
1038508;142
1038509;76
1038603;29
1039410;48
1039459;225
1039500;203
1039632;156
1039845;105
1040055;268
1040208;80
1040521;233
1041258;197
