462;36
1286;48
1290;9
2485;156
2503;182
2580;178
4376;9
5226;70
6127;112
6272;223
6786;48
7409;38
7917;9
8745;211
8921;186
8941;249
8967;191
9542;53
9639;33
10082;118
10452;116
10770;191
10931;21
11056;145
11242;183
11350;120
11753;9
11936;112
12301;112
12670;179
12680;55
13123;53
13451;107
14326;184
15625;236
16076;222
16973;186
16977;246
17016;218
17197;242
17198;260
17241;48
17852;116
17909;269
19058;32
19064;81
19165;242
19172;260
20701;212
20893;32
20938;186
21002;36
21414;31
21428;112
21489;183
21897;179
22404;152
22474;128
23174;232
23483;156
23702;254
24101;130
24283;149
24842;38
24878;117
25026;242
25227;191
25429;211
25629;31
26085;120
26156;242
26506;18
26622;266
26687;19
27442;246
27888;246
28265;191
29945;183
30621;128
30979;246
31158;48
31777;249
31988;31
34170;87
34326;28
35465;29
35719;48
36156;272
36170;116
36244;184
37775;95
38255;247
38346;251
38350;111
38384;18
39275;31
39749;70
39769;72
40238;53
41144;93
41279;263
41499;112
42081;76
43451;244
43512;101
43580;56
43958;160
44037;29
44119;178
45057;16
45279;18
46295;105
46860;48
47082;178
47289;15
47476;127
48490;118
48982;232
49629;38
50179;227
50301;80
50597;36
50654;64
50950;186
50979;183
51474;181
52223;179
52805;161
53262;51
53358;15
53930;260
53986;19
54249;249
54568;200
54750;53
55499;120
55833;212
56018;183
56027;72
56074;5
56897;112
57873;80
58620;197
58849;80
59581;178
61033;93
61042;48
61043;9
62359;207
63204;20
63255;158
64061;215
64248;25
64721;105
64804;144
65072;93
65171;40
65766;105
66316;126
66717;233
66847;36
67610;25
68331;223
68478;93
68695;38
68779;31
68952;227
69374;242
69411;241
70539;24
71125;9
73811;142
73820;76
74642;266
74972;29
75200;204
75374;112
75531;117
75725;94
76163;19
76254;270
76685;246
76696;112
76855;126
76945;33
77804;60
77809;78
77858;124
78297;178
78578;248
78798;40
80195;260
80340;107
80867;95
81290;87
82989;171
83783;245
86372;75
87909;70
88359;67
89075;75
89342;145
89755;38
91032;31
91179;128
91507;260
91540;156
91862;107
94428;212
95123;186
95547;53
95643;121
96034;53
97641;117
98411;20
98434;172
98690;14
99323;220
99588;114
99594;23
99595;25
100129;48
100167;212
100715;111
100990;156
100991;31
101039;224
101498;10
101499;190
101775;20
101866;23
102663;38
102983;64
103916;53
105355;51
106457;127
106750;48
106892;186
106904;112
107716;38
107990;93
109481;95
109864;187
110052;4
110084;95
110181;146
110250;42
110949;267
111244;60
111532;183
112082;76
113299;214
114826;268
115520;200
115650;246
115679;112
116753;42
117504;213
120925;103
121224;76
121663;156
122012;144
122995;48
123303;40
124417;272
124450;225
124911;222
125629;77
126360;15
128618;9
128855;29
129001;76
129220;1
129738;55
129865;54
130445;191
130651;278
130807;178
132046;79
132551;22
133804;278
133806;55
134791;215
135657;2
135965;80
137719;40
138295;272
138400;126
138512;38
138514;263
139777;149
141207;178
142907;212
144196;222
144482;49
144487;9
145028;48
145029;93
145617;133
147136;117
147364;76
149664;142
150429;282
150669;7
152074;23
152687;25
153825;248
155553;105
155916;215
156039;179
157279;248
158389;25
159634;100
159737;87
160714;128
160722;56
161725;163
162173;105
164325;167
165584;242
165888;80
167175;80
167283;141
167303;201
167810;88
168995;247
171195;234
172620;31
173153;231
173402;248
174097;186
175647;163
176335;274
176727;116
177113;269
179927;36
182202;216
184217;208
184335;254
184550;171
186813;216
187424;148
188716;116
189480;161
189927;172
190699;177
190951;90
191014;123
191515;20
193210;127
197268;172
197878;184
197885;205
198114;98
198477;278
198963;172
199200;39
202329;266
203550;111
203712;248
203779;191
203848;212
204735;259
205370;130
206816;42
206959;223
207046;253
207102;80
207364;220
207383;141
207399;203
208463;68
209414;162
209792;201
210191;189
210960;197
212349;93
212708;107
214254;77
215363;268
216549;22
216692;177
216700;184
218565;281
219639;158
219671;75
222822;164
223742;34
223807;126
224304;201
225112;23
226811;253
227256;25
227382;254
229680;114
230295;199
230668;83
232809;12
232845;206
233221;268
233598;191
233705;104
234964;18
235191;54
237009;77
237659;94
239426;118
240950;213
242428;161
242448;127
243406;15
244121;204
244297;70
244982;266
247637;181
247998;206
248350;62
248359;21
248998;90
249601;223
250048;234
250520;244
251919;250
251967;177
252890;137
253788;72
253793;41
256099;282
256868;250
257651;233
257814;68
257950;137
258023;273
258618;275
258727;178
259561;57
259751;266
259758;10
260189;180
261768;77
261854;191
262174;123
262225;183
262292;41
263027;119
263032;108
263127;222
263788;207
264718;143
265709;10
265805;222
266437;162
269566;23
272810;123
272947;98
273156;59
273452;72
274726;20
280138;49
281213;77
281325;181
289682;268
289989;142
290529;240
291293;23
294157;15
294781;133
297123;83
297714;18
297887;279
297973;125
299279;132
300567;40
301364;62
303846;81
304231;142
304946;80
307902;278
308456;145
308466;178
310961;97
311978;142
312106;97
312433;156
312486;31
313595;9
314131;244
316222;192
316310;61
316337;214
320383;186
321265;161
322893;36
323422;1
323917;108
325869;54
325870;239
327856;20
328544;163
328558;241
328616;61
328630;214
328862;154
333524;133
334274;38
334308;93
334542;88
336020;24
337116;271
337245;25
337632;55
338453;278
339204;213
340226;213
340740;115
341736;39
341801;93
342283;195
342289;85
343623;96
344207;102
345255;214
345414;179
345942;150
346787;93
346828;176
348446;266
349828;181
352745;192
353113;276
357096;276
359951;138
361878;203
362028;206
364185;180
364302;197
364780;31
365357;156
365916;74
366420;234
367561;15
368267;181
372105;8
375046;272
377947;129
380196;179
381148;10
382489;214
386008;180
386060;67
386815;133
387088;133
388445;59
388919;54
390331;248
395695;83
396432;109
396659;137
397548;54
397828;251
404446;34
406048;118
408773;14
409463;110
409656;90
412016;223
412194;110
413459;144
413610;132
414993;34
415953;273
421199;112
421700;277
422704;28
424131;172
424494;150
425426;187
427643;2
429939;133
430516;181
433371;190
434959;272
435439;186
435942;124
437545;59
437551;239
438773;48
443049;282
444046;231
445305;278
445452;18
446741;40
449154;229
449631;272
449685;247
450199;23
450787;269
451949;242
451953;117
453299;194
453495;238
453888;253
454998;126
455216;215
456516;5
457716;179
459331;9
462851;154
463855;270
463991;9
472025;219
474456;90
477514;77
478880;50
480827;239
481128;48
481218;70
482896;266
482989;219
485176;174
485187;103
485561;121
486650;143
486688;188
486798;15
486882;230
488966;64
489061;32
492766;266
493283;130
493983;22
495606;280
496595;21
496635;97
497804;145
498337;159
498344;67
501518;186
504417;76
504598;104
504630;25
504682;251
505258;232
505380;29
506808;44
507269;48
507276;93
508314;70
510373;172
514312;145
515366;178
516992;182
521601;180
524125;68
524288;70
526109;112
527905;152
528462;94
528628;68
528648;172
528714;197
531027;184
531145;75
531503;29
531648;10
531732;190
531904;98
532736;18
534897;25
535513;7
535634;80
538968;87
539208;242
541486;55
546848;179
550158;23
550650;31
551336;70
552072;36
557675;180
557682;59
557991;98
561115;172
561771;128
563507;112
564088;16
565700;116
565807;186
566496;246
566594;67
566633;204
566698;5
567233;15
567691;246
567990;133
569826;169
570654;54
570736;239
572112;187
575198;197
575333;266
575676;121
578166;76
578504;212
579434;281
579462;270
580001;40
580439;179
580511;61
581654;222
582057;16
582372;48
582421;40
582755;169
582899;241
583583;165
587360;183
587855;212
588547;269
588568;36
589337;269
591677;142
592203;227
592813;70
593927;278
594282;133
594802;172
595012;38
596072;212
596321;74
596519;156
596929;152
598524;29
599869;75
599881;70
601025;93
601037;9
601051;48
601988;68
602111;105
604347;176
605090;212
607899;15
608444;126
609066;191
610417;226
610625;184
610898;70
614515;150
615017;186
615488;97
615554;280
615787;216
616179;208
617112;129
617608;186
621305;59
621864;256
622815;53
623745;197
626054;62
626710;126
626884;189
626952;7
627407;126
629286;268
629314;225
629836;88
630087;32
630544;102
630595;128
630814;203
631647;231
634127;204
635965;244
639862;235
640210;111
640374;267
641573;66
645967;97
645969;128
647568;70
650621;112
650722;186
651024;215
651901;211
652027;93
652531;201
653217;150
655858;142
658828;4
659111;244
659204;76
661269;263
661304;156
665085;94
671808;40
675557;109
675627;102
675771;56
677211;156
677871;279
686688;83
687119;121
687252;25
687394;22
687595;226
687601;279
687661;268
688454;197
689880;266
690617;94
694002;227
694513;116
695280;176
698335;216
700769;186
703466;239
704709;94
705263;203
707261;70
707406;186
707508;133
707862;186
708146;112
708436;253
708993;223
710562;101
710798;25
710983;179
711861;21
712358;79
712364;221
712404;130
712570;22
712652;212
713014;203
713336;7
713463;68
713528;22
716624;187
716710;126
716878;133
717594;64
718143;204
718370;76
719020;203
720327;23
720351;25
723015;9
723264;79
723270;221
726394;116
726613;40
727751;118
728134;146
728597;204
728615;142
728854;248
728941;80
731581;112
732594;259
732690;181
735736;223
738282;40
739310;223
739717;190
740256;99
740847;116
742570;156
743046;179
744250;156
744423;233
745312;114
748230;225
748234;233
748672;179
750049;23
751697;228
752461;18
754072;149
754758;31
755540;55
757839;77
760091;40
760257;23
762626;212
764751;228
765861;187
766047;74
766401;218
773721;74
779832;62
780829;197
782114;126
782402;228
782859;225
782887;268
783603;188
784435;190
787793;105
789384;56
791495;92
791556;66
796211;218
799491;196
804975;67
807953;21
819199;59
823668;208
830463;232
834976;20
834979;10
835791;105
837433;83
838574;152
840771;110
842627;87
869659;212
870544;10
871404;123
876370;106
885821;180
886689;213
902089;179
915820;216
924694;97
942081;20
943648;62
945085;97
948795;40
953672;212
953750;31
953753;156
953763;179
961013;87
962793;38
963403;178
964582;129
965868;156
966050;93
966178;9
966204;75
966990;56
967683;22
968417;246
968476;112
969368;50
969503;262
969550;75
971428;178
971634;21
972764;36
973109;244
974458;223
975980;62
980170;93
982841;118
982897;95
985849;116
986752;277
987378;186
987920;112
990386;20
990892;64
996256;15
996342;187
996505;146
996585;172
997886;124
997888;259
998414;222
999665;275
1000316;268
1000595;203
1000899;25
1000956;90
1001519;197
1001788;97
1001824;253
1004706;180
1014876;156
1015455;282
1016112;225
1032329;123
1032676;98
1038084;9
1038247;93
1038248;38
1038508;142
1038603;29
1039410;48
1039459;225
1039500;203
1039649;93
1040055;268
1040208;80
1040520;137
1040521;233
1041258;197
