116;1699
462;1375
1286;2599
1290;1570
1665;212
2495;202
2503;245
2838;1821
4936;574
5226;1842
6127;929
6152;1490
6786;2760
8921;279
8941;119
9542;174
10082;699
10420;289
10452;218
10741;545
10931;199
11350;1553
11605;2449
11753;1599
12304;321
12662;69
12670;49
12680;39
13078;1699
13123;199
14130;139
14249;18
14326;137
15014;123
15532;239
15625;228
16193;340
16973;368
17197;2799
17358;2278
17852;205
17909;18
18077;42
18157;1217
18831;1041
19064;39
19165;3106
19172;1284
20701;134
20893;29
20938;299
21002;1308
21414;227
21897;62
22404;5999
22473;169
22474;159
23448;236
23483;218
23699;706
24279;1499
24283;1399
24842;790
24878;269
25155;484
25227;10
25631;213
26203;1079
26622;44
26680;539
26687;699
26900;1463
27442;1741
27888;1696
28265;10
30979;1679
31158;2760
31988;226
32560;1559
34326;225
35465;1992
36156;233
36170;200
37565;188
37775;29
38346;971
38350;560
39275;243
39504;319
39639;45
39689;574
39749;1842
40238;200
41144;1670
41236;78
41669;76
41931;231
42269;148
42746;2400
43512;35
43585;54
44119;490
44862;40
45057;349
45279;1207
45377;981
45981;132
46582;193
46860;2775
47126;25
47289;316
47476;141
48490;576
48982;19
49629;856
49946;149
50040;316
50179;184
50597;1319
50654;342
50950;289
52223;75
53262;35
53358;313
53930;1392
53986;696
54249;94
55803;45
56018;322
56074;64
56509;1299
57035;269
57873;59
58620;518
59581;699
60255;53
60295;702
60652;2055
61033;1949
61042;2999
61667;1662
62264;75
62359;60
63867;535
64061;80
64248;64
64804;7
65171;221
65520;195
66239;11
66316;491
66847;1333
67610;88
67695;66
67846;55
68331;1177
68478;1741
68695;799
68779;224
68781;197
68952;185
69411;47
69580;249
69807;940
70443;1362
70480;2598
70539;33
70835;224
70843;520
71125;1728
71633;514
71875;182
72731;1499
72742;2749
72884;20
73811;477
73820;330
74642;49
74808;11
75197;51
75374;997
75531;293
75649;1399
76254;54
76685;1679
76696;1099
76899;65
76945;29
77798;269
77809;549
78297;634
78954;1749
80195;1470
81290;2233
82989;1399
83783;82
85391;2317
87079;54
88359;616
89075;8999
89342;279
89755;969
91010;112
91179;135
91507;1299
91540;189
91862;629
94465;199
94490;52
95123;317
95547;229
95561;49
95643;19
98016;54
98434;111
98690;14
99115;53
99119;72
99595;70
99913;19
100129;2849
100167;141
100574;2599
100627;25
100990;204
100991;234
101039;11
101499;125
101520;46
101775;37
102090;1349
102663;869
102983;343
103058;79
105641;514
106750;2650
106892;338
106904;998
107990;1849
108111;1246
110084;34
110949;10
111036;699
111050;9699
111532;299
112082;231
113813;28
114826;263
114943;241
115520;949
115650;1729
116550;365
116753;2999
117492;64
117504;75
118257;167
118521;1399
119172;303
120742;200
120925;13
121224;277
121663;219
123256;488
123303;213
123992;36
124194;61
124286;170
124417;246
125622;76
125766;1619
128004;59
128618;1751
128855;1988
129001;256
132045;165
132974;1729
135161;13
135965;39
137719;215
138295;223
138512;899
138514;31
139777;1399
140994;28
141207;739
142075;205
142275;1736
142746;69
142907;132
144134;199
144233;35
144487;1743
145409;1167
147193;535
148487;40
149664;527
151676;93
151697;649
152065;36
153825;69
155553;55
155916;81
156039;79
158039;224
158658;73
159737;2327
160714;139
161725;32
162173;61
163106;24
164325;192
164740;1569
165584;2699
165809;69
165888;59
167810;33
169073;24
171195;59
171926;304
172620;261
173153;849
173574;1998
174097;389
174159;25
174372;21
175403;10
175577;121
176727;241
176766;52
179927;1191
182202;36
184217;12
184335;6887
187424;60
188102;5090
188716;199
189480;20
189927;113
190699;99
190951;1366
193210;159
194658;21
195803;54
196469;31
197268;124
197806;35
197878;149
198114;54
198909;42
199200;42
200269;10
201384;293
202329;44
203779;11
204735;533
205370;34
206816;3568
206959;1326
207046;20
207364;149
207383;72
207399;155
208427;408
208463;240
210191;158
210960;490
212195;43
212309;193
212708;449
213800;23
214254;44
215363;241
216549;6
216613;85
216692;99
216700;149
216975;233
217883;476
219639;189
219671;8999
220538;2399
220932;135
222326;443
222822;878
223054;17
223742;17
223807;468
224304;20
224441;69
227256;75
227382;5999
229680;1182
230668;135
232809;40
233207;124
233221;270
233705;152
233807;34
234964;1296
235191;35
237009;38
239426;699
240803;356
241919;59
242070;258
242218;47
242428;34
242831;8999
243062;4499
243406;373
244294;2299
244297;1999
244982;40
247637;58
247998;11
248350;49
248359;199
249347;29
249601;1219
250048;59
250281;20
250520;668
251967;62
252889;246
252890;246
253295;285
253793;172
253825;29
255261;191
255440;11
256099;243
256868;2124
257651;273
257950;273
258023;44
258450;125
258618;126
259553;127
259561;53
259751;38
259766;59
260564;149
261291;88
261854;13
262124;115
262224;184
262292;281
262621;5
264593;1136
264718;223
265709;34
265718;36
265805;277
266437;71
267437;9
268516;24
269566;48
269633;168
271943;1502
272681;54
272810;52
273001;99
273452;10
273902;205
274281;194
274525;64
276439;71
281213;38
281325;58
283643;200
287443;524
289449;59
291291;67
291293;50
294157;325
294777;381
296733;43
297123;129
297887;34
300567;213
301364;49
304869;59
304942;62
304946;63
305903;19
306401;39
307896;39
307902;24
308456;249
308466;700
310851;1179
310961;169
312486;243
313595;1649
314131;744
315637;215
316228;8
316310;29
320383;423
321265;18
323917;9
324528;24
325869;35
325870;250
328544;33
328558;70
328616;17
328862;15
334274;1029
334542;65
335726;1266
337116;46
337632;37
340226;144
340740;29
341736;53
341801;1399
342288;45
343623;20
344207;52
344633;26
344636;29
345474;11
345477;11
345942;27
346484;899
346787;1899
348446;59
349946;82
352728;13
352745;66
353113;69
353244;155
357096;59
359859;1585
359951;1344
362028;14
364185;44
364780;267
365916;17
366420;122
367561;343
368267;53
371706;199
372105;79
374896;58
375046;381
377256;20
377947;53
378615;96
378777;249
380196;99
381148;58
382489;14
386060;903
386815;36
387569;34
388445;37
388647;999
388919;29
390331;77
390607;42
395611;28
395695;119
396432;20
396658;273
396659;273
397498;147
397548;31
397553;105
397828;1185
398418;24
406045;199
408773;14
409656;1319
412194;326
413459;24
413610;1206
414993;19
417323;159
421700;969
422917;36
423587;1230
424131;115
424291;59
425426;2
426072;249
427643;29
429476;220
429939;44
429995;19
434193;567
434912;23
435201;14
437545;45
437551;232
438486;1899
438488;899
438773;2849
443049;255
444497;25
445452;1298
445775;2689
446741;194
447420;199
447605;112
449154;29
449685;1709
450008;312
450199;50
450898;59
451953;292
453299;3
453495;40
454843;342
454998;473
455216;116
455321;43
457716;56
460562;69
468522;269
472025;17
474456;1896
478880;370
480764;71
480827;195
481218;1899
482343;143
482896;45
482989;13
485187;21
486650;165
486688;57
486798;553
487028;2312
489061;41
492451;44
492604;1039
493367;40
493983;3
495606;36
496340;176
496595;220
497804;242
498337;273
498344;648
501025;187
501518;313
501523;1025
504417;365
504598;147
504630;65
504653;27
505174;15
505258;16
505380;1847
506808;238
507269;2703
507276;1686
514312;206
516992;248
519852;13
522490;71
522893;39
524672;198
524814;53
524914;43
528462;93
528628;235
528648;108
531027;153
531145;7998
531503;1954
532736;1085
535510;39
535513;37
535634;62
536169;2275
538968;2199
539208;2377
541486;38
546848;55
550158;65
550650;213
551336;1999
552072;1274
552280;248
552645;24
556499;145
556886;37
557675;36
557682;37
557864;1199
557991;59
558558;33
561771;160
563507;997
563831;1187
564088;418
565807;330
566496;1729
566633;59
567233;349
567691;1629
567990;42
568433;206
569826;449
570654;32
572112;6
575198;482
575510;20
575676;16
577468;296
577870;13
578166;320
578504;132
578886;20
580439;57
582057;363
582755;450
582899;75
584285;89
587855;142
587897;227
588547;17
588568;1539
591677;500
592203;186
592808;2084
593927;22
595005;27
596072;151
596116;142
596519;225
598524;1899
600401;919
601037;1620
604347;10
605272;129
607357;470
608444;521
609066;13
609301;1026
610417;59
610625;135
613855;2099
614515;40
615017;373
615488;170
615554;48
615787;41
616179;11
616912;978
617112;53
617608;437
621305;39
621703;39
621864;39
622815;198
623745;488
625290;22
625970;482
626696;39
626710;491
627407;496
628538;2035
629286;237
630087;27
630510;129
630544;47
630595;168
630598;71
630814;127
631313;26
633946;210
640210;604
641573;11
645967;147
645969;138
647568;1818
650621;919
651024;80
651894;5578
652027;1616
652739;112
652937;37
655858;487
658828;13
659111;761
661269;26
661302;225
661304;202
663252;144
663340;173
665085;118
667214;108
667282;168
675557;19
677058;46
677207;249
677211;212
686688;115
687119;23
687252;80
687394;2
687601;31
688608;552
689880;44
690103;43
690393;471
690617;102
693996;185
694002;195
694003;235
694513;201
695280;30
696035;13
698335;29
699347;214
700769;444
701366;42
704122;204
704643;97
705263;133
707277;38
707406;305
707508;41
710562;27
710779;52
710798;67
712364;177
712404;24
712841;59
713014;128
713463;206
713528;2
716215;484
716710;500
717594;323
718222;478
718370;331
718556;2751
718965;1818
718981;37
719125;217
719150;42
720327;50
721916;1236
722091;919
722707;305
722803;37
722962;1616
723264;160
725519;326
726613;209
727751;538
728134;111
728617;318
728854;79
728941;59
732690;50
737394;27
738282;208
738328;49
739310;1149
740256;35
740265;240
743046;59
743572;145
744250;205
744423;225
745312;1239
747532;25
748230;264
748234;208
748561;208
748672;71
748950;57
749251;199
750049;51
750068;65
750961;229
751697;239
752361;50
752461;1252
753639;29
753644;7
753926;231
754758;220
755540;42
757839;40
760091;243
763245;153
765861;9
766047;12
773790;31
779832;45
780767;450
782114;516
782376;1356
782402;266
783141;208
783171;220
783603;99
784435;102
787793;62
789301;154
789384;16
791495;12
791550;60
791552;16
796211;52
804975;643
823668;6
830463;17
830674;484
834976;40
835791;63
859889;109
869659;146
871404;54
876370;101
876382;38
885821;37
934836;214
935313;12
941929;95
953670;37
953750;214
953763;55
953794;17
961013;2252
961325;2355
961379;7125
962051;3017
963403;548
964582;52
965868;233
966048;1359
966050;1349
966980;49
967683;9
967856;440
967889;699
968417;1729
969550;9297
969571;2259
972333;5578
972764;1341
974345;228
979459;62
980170;1639
980927;478
982841;607
984295;45
984296;34
985849;201
985979;22
986752;993
987378;349
987920;978
988015;35
990386;42
990892;349
996256;337
996505;121
996580;114
996585;119
996945;2023
997888;461
998032;66
998126;77
998414;290
998435;156
1000503;65
1000899;76
1001214;245
1001824;25
1004706;41
1004710;109
1005721;238
1012631;404
1012632;762
1014876;227
1015915;526
1025446;81
1032676;53
1034604;96
1038084;1320
1038248;780
1038483;94
1038508;631
1038509;437
1038603;2322
1039459;340
1039500;168
1039649;2165
1040208;94
1040520;296
1040676;447
