116;1699
1290;1570
1300;2238
2495;202
2580;517
2838;1821
4376;1513
4936;574
6272;1144
7331;672
7412;1697
7917;1698
8967;12
9542;174
9639;19
10420;289
10770;11
10931;199
11056;215
11242;340
11350;1553
11753;1599
11936;971
12301;1008
12304;321
12594;1799
12662;69
12670;49
13451;497
14130;139
14249;18
14326;137
15014;123
15063;44
15625;228
15883;1701
16076;278
16193;340
16973;368
16977;1613
17016;55
17358;2278
17852;205
18157;1217
19058;30
19064;39
19165;3106
20701;134
20893;29
20938;299
21002;1308
21428;1099
21897;62
22473;169
22474;159
23174;20
23448;236
23483;218
23699;706
24101;31
24204;1324
24279;1499
24283;1399
24842;790
25026;2699
25155;484
25227;10
25429;1975
25631;213
26079;1299
26085;1999
26203;1079
26622;44
26680;539
26687;699
27442;1741
30621;160
31158;2760
31777;121
34170;2399
34326;225
34794;39
35465;1992
35719;2770
37565;188
38350;560
38384;1210
38767;2921
39275;243
39504;319
39749;1842
39769;14
40238;200
40462;285
41279;42
41499;1143
42077;478
42269;148
43451;653
43512;35
43563;149
43580;21
44037;1972
44162;2849
44862;40
45057;349
47082;504
47289;316
47476;141
48982;19
49629;856
49946;149
50179;184
50301;47
50597;1319
50603;12
50654;342
50979;229
51474;52
52206;547
52223;75
52883;15
53070;275
53262;35
53306;2007
53930;1392
53986;696
54249;94
54568;1179
54750;238
55230;45
56018;322
56020;273
56027;8
56074;64
56509;1299
57035;269
58620;518
60255;53
60652;2055
61033;1949
61043;1799
61667;1662
62264;75
63204;41
63867;535
64061;80
64248;64
64721;86
65094;378
65330;249
65520;195
65766;60
65796;49
66721;190
67079;18
67589;71
67651;162
67695;66
67697;80
67846;55
68478;1741
68697;1348
68781;197
69374;2799
69580;249
69807;940
70443;1362
70480;2598
70835;224
70843;520
71633;514
71875;182
72009;8999
72742;2749
72884;20
73036;78
73820;330
74642;49
74808;11
74972;1999
75374;997
75531;293
75725;128
76685;1679
76899;65
77789;659
77798;269
77804;399
77858;365
78297;634
78721;155
78798;209
78954;1749
80867;29
81290;2233
82989;1399
83783;82
85391;2317
85447;9456
86543;17
87079;54
89342;279
91010;112
91032;209
91179;135
91507;1299
91739;24
91862;629
94426;18
94428;135
94490;52
94629;54
94924;56
95547;229
95561;49
96024;15
96034;199
97641;297
98016;54
98312;1799
98411;40
98690;14
99115;53
99119;72
99323;142
99588;1241
99594;57
99913;19
100627;25
100715;647
101498;63
101499;125
101520;46
101775;37
101866;64
102090;1349
102663;869
103058;79
105355;27
105641;514
106457;149
106553;267
106750;2650
106892;338
106904;998
107716;899
107990;1849
109481;28
109864;10
110084;34
110181;142
110250;2999
110949;10
111243;549
111525;239
113813;28
114826;263
115044;509
115520;949
115650;1729
115679;1085
116753;2999
117271;1218
118257;167
118847;144
119172;303
120925;13
122012;24
122995;2744
123256;488
123463;640
123992;36
124286;170
124417;246
124911;269
125629;44
126360;331
128004;59
128618;1751
128855;1988
129001;256
129738;43
129865;30
130445;8
130651;17
130831;299
132045;165
132551;5
133804;18
133806;51
134791;75
135623;207
135657;30
137719;215
138295;223
138514;31
140901;365
141207;739
142275;1736
142907;132
144196;264
144290;47
144482;2213
145028;2984
145029;1804
145617;44
147136;269
147193;535
150429;351
150669;38
150695;979
151676;93
151697;649
152065;36
155553;55
155916;81
158039;224
158389;75
158658;73
159634;31
160714;139
160722;19
161725;32
162173;61
164325;192
165584;2699
165809;69
165888;59
167175;47
167283;71
168995;2016
171827;138
171926;304
172620;261
173153;849
173402;82
173574;1998
174097;389
174159;25
174372;21
175157;26
175577;121
176314;1138
176335;1041
176727;241
179927;1191
184335;6887
184550;1261
185177;46
185348;2799
185357;1699
186813;28
187424;60
187456;23
187467;63
189480;20
189481;41
190699;99
192282;70
194658;21
195803;54
197878;149
198675;34
198963;105
199200;42
200269;10
202225;2890
202329;44
203550;578
203712;86
203848;168
204735;533
205370;34
205901;44
206816;3568
207046;20
207102;59
207383;72
207399;155
208019;48
208148;131
208427;408
208968;1115
209792;20
210191;158
212154;15
212349;1899
212492;249
214254;44
215363;241
215633;262
216549;6
216700;149
216975;233
217883;476
218565;34
219975;39
220932;135
222326;443
222822;878
223807;468
224304;20
225112;56
227382;5999
227692;1201
229484;59
229503;1251
229680;1182
230566;45
230668;135
232809;40
233207;124
233598;11
233705;152
235056;727
237659;127
239426;699
241802;249
241919;59
242218;47
242428;34
242448;169
242831;8999
243062;4499
243406;373
244294;2299
244982;40
247637;58
247998;11
248350;49
249347;29
250048;59
250281;20
250520;668
251967;62
253737;28
253793;172
253825;29
255261;191
256868;2124
257651;273
257809;129
257812;394
257950;273
258023;44
258618;126
258727;699
259553;127
259561;53
259751;38
259758;45
260189;48
261768;45
261854;13
262124;115
262292;281
262621;5
263027;22
263032;10
265718;36
265805;277
269041;28
271943;1502
272810;52
273001;99
273156;39
274281;194
274525;64
274726;36
280138;2129
281213;38
283643;200
285523;1692
289989;458
290529;59
290850;45
291291;67
291293;50
294570;1935
294777;381
296733;43
297887;34
297973;18
299279;899
301364;49
304231;506
304942;62
305903;19
306401;39
307896;39
307902;24
310851;1179
311978;512
312486;243
314131;744
315637;215
316222;39
316228;8
316310;29
316428;538
319154;159
320383;423
322302;159
323422;1299
325869;35
325870;250
327856;32
328544;33
328558;70
328616;17
328630;14
328862;15
333524;41
336020;20
338387;58
338453;20
338970;252
339204;65
340740;29
341736;53
341801;1399
343623;20
343669;19
344633;26
344636;29
345407;15
345414;56
345477;11
345687;1037
346484;899
346787;1899
346828;26
352728;13
359951;1344
361878;24
363888;29
364185;44
364780;267
365357;249
365525;106
366420;122
367353;103
367561;343
371645;145
372105;79
374896;58
377067;20
377947;53
378615;96
378777;249
380098;50
380196;99
386008;35
386060;903
387088;43
387569;34
388647;999
388919;29
394443;8
395611;28
395695;119
396659;273
397553;105
397828;1185
398418;24
404446;15
407498;30
408773;14
409463;262
412016;1497
413459;24
414266;291
415953;50
417323;159
422704;139
424291;59
424494;35
424508;12
426072;249
427092;1769
428996;36
429939;44
429995;19
430516;55
433371;111
434193;567
434912;23
435942;376
437545;45
437551;232
438488;899
439398;267
441188;19
445305;17
449154;29
449574;197
449685;1709
450008;312
450199;50
450787;17
452404;1565
453299;3
453888;19
455321;43
456516;78
457716;56
459331;1799
460562;69
462852;19
465447;49
468522;269
474456;1896
475385;38
476643;37
478880;370
480764;71
481128;2811
482348;19
485176;89
485187;21
485561;31
486650;165
486688;57
486717;34
486798;553
486882;21
487028;2312
488966;371
489061;41
492451;44
492604;1039
492766;47
493983;3
495606;36
496340;176
496635;187
497804;242
498337;273
498888;542
501523;1025
504598;147
504630;65
504653;27
504682;967
505174;15
505258;16
505380;1847
506808;238
508486;1382
510373;113
513637;41
514312;206
515366;570
519208;253
519852;13
521601;40
522490;71
522855;175
524125;226
524814;53
524819;59
526109;1149
527735;19
527905;5266
528462;93
528628;235
528648;108
528714;509
531145;7998
531503;1954
531732;109
531904;49
534897;75
535510;39
535513;37
535634;62
536141;7100
536982;43
538968;2199
543204;1695
546848;55
550650;213
551336;1999
552280;248
552629;43
553867;612
555331;53
557682;37
557864;1199
557991;59
559368;252
561115;120
561771;160
563365;236
563507;997
563831;1187
564602;328
565700;234
565807;330
566496;1729
566594;721
566633;59
568433;206
569154;349
569826;449
570654;32
570736;233
571225;102
572112;6
574876;24
575333;43
575676;16
578166;320
578504;132
578886;20
579434;29
579462;78
579483;16
580001;215
580439;57
581654;263
581795;30
582057;363
582372;2890
582421;212
582448;690
582899;75
584285;89
587360;261
587855;142
588547;17
589083;49
589337;18
591676;319
592142;127
592808;2084
592813;1749
595005;27
595012;755
596519;225
598306;253
599699;27
600401;919
601037;1620
601988;206
602111;65
603128;148
607357;470
608444;521
609066;13
610417;59
615017;373
615554;48
615787;41
616179;11
616912;978
617608;437
621305;39
621703;39
622172;76
625290;22
626054;49
626696;39
626710;491
626952;40
627407;496
628538;2035
629314;231
629836;37
630051;228
630544;47
630814;127
631647;912
633946;210
639681;40
639862;24
640374;14
645967;147
645969;138
647583;37
649822;323
650621;919
651024;80
651894;5578
651901;2139
652027;1616
652531;39
652739;112
652771;64
652937;37
653205;50
653217;52
655842;101
655858;487
656160;37
658602;258
658828;13
661269;26
661302;225
663340;173
667282;168
667434;186
671808;234
675557;19
675627;36
677211;212
677877;44
687119;23
687252;80
687595;46
687601;31
687661;220
688454;540
688608;552
690103;43
690617;102
693990;166
694276;37
694513;201
694575;368
696035;13
698335;29
700769;444
701366;42
704122;204
704643;97
707261;1891
707406;305
707508;41
707630;2760
708436;19
710562;27
710983;63
711861;181
712358;160
712364;177
712652;136
712841;59
713014;128
713463;206
713528;2
714994;1665
716624;8
716710;500
717594;323
718143;55
718222;478
718370;331
718556;2751
718965;1818
719020;128
719150;42
722091;919
722707;305
722803;37
723015;1675
723270;178
725519;326
726394;192
726613;209
727917;68
728617;318
728854;79
731581;972
735736;1195
736918;70
738282;208
738328;49
739717;109
740256;35
740265;240
740847;215
743046;59
743309;26
743572;145
744250;205
744426;225
745312;1239
748230;264
748233;275
748234;208
748672;71
748950;57
749251;199
751697;239
752361;50
752461;1252
753926;231
754072;1279
755540;42
760091;243
760257;61
762626;149
763245;153
765861;9
765970;31
766047;12
773790;31
780829;651
782114;516
782402;266
782859;264
783171;220
783603;99
786880;169
789384;16
791550;60
791556;28
796211;52
804975;643
807575;138
807953;173
823668;6
830674;484
830675;876
834979;40
835791;63
835813;37
838574;5722
869645;43
869659;146
870544;38
876382;38
882088;259
885821;37
886689;63
934836;214
935313;12
942081;34
943648;43
945085;179
945550;22
948795;202
953672;134
953753;201
953766;40
953794;17
961002;2776
961013;2252
961018;1799
961325;2355
962127;38
963403;548
964582;52
965867;226
965868;233
966027;2649
966050;1349
966178;1395
966990;59
967889;699
968417;1729
968476;999
969368;242
969503;6999
969550;9297
971428;513
975980;40
982841;607
982897;25
983363;376
984295;45
985849;201
985979;22
987378;349
987920;978
990386;42
990892;349
996505;121
996580;114
998032;66
998126;77
998414;290
998435;156
1000503;65
1000595;136
1000899;76
1001214;245
1001519;500
1001824;25
1003443;378
1004710;109
1012632;762
1014876;227
1015450;242
1032329;58
1032676;53
1034604;96
1038084;1320
1038248;780
1038508;631
1038509;437
1038603;2322
1039459;340
1039845;94
1040055;363
1040208;94
1040520;296
1040676;447
