116;9
462;36
1290;9
2485;156
2838;93
2842;9
4936;178
5226;70
7409;38
7412;9
8921;186
8967;191
9542;53
9639;33
10356;156
10420;225
10930;170
10931;21
11242;183
11350;120
11605;87
11753;9
12304;186
12594;120
12680;55
13123;53
15014;146
15532;145
15883;93
16076;222
16193;76
16870;165
16873;63
16973;186
16977;246
17016;218
17198;260
17852;116
17909;269
18068;203
18077;273
19058;32
19064;81
19165;242
19172;260
20701;212
21002;36
21428;112
21897;179
22404;152
22473;97
22474;128
23448;31
23702;254
24101;130
24842;38
25629;31
25631;156
26079;36
26203;112
26622;266
26687;19
28265;191
29945;183
30011;260
30605;31
30621;128
31158;48
31777;249
34170;87
34794;133
35465;29
35719;48
36156;272
36170;116
37565;249
38350;111
38384;18
38767;48
39275;31
39639;218
39689;178
40238;53
40462;282
41144;93
41236;25
41279;263
41499;112
41669;8
42077;142
42269;212
42746;87
43563;128
43580;56
43585;62
44037;29
44162;48
44862;20
45057;16
45377;251
45981;83
46440;179
46582;137
47126;168
47289;15
48490;118
48611;244
48982;232
49946;212
50040;64
50179;227
50301;80
50597;36
50603;206
50950;186
52206;67
52223;179
52805;161
52883;269
53070;198
53262;51
53306;211
53358;15
53930;260
54249;249
55230;33
55499;120
55803;266
56020;227
56074;5
56509;260
56897;112
57822;53
57873;80
58620;197
59581;178
60295;19
61033;93
61042;48
61043;9
61667;93
62264;162
62359;207
62658;80
63204;20
63242;127
63255;158
64061;215
64248;25
64721;105
64804;144
65094;186
65171;40
65330;182
65766;105
66239;187
66717;233
67079;61
67589;23
67610;25
67695;181
67697;213
67846;133
67948;225
68697;93
68781;156
69374;242
69411;241
69580;182
69807;112
70443;9
70480;48
70539;24
70835;84
71125;9
71633;178
72009;75
72884;33
73036;105
73820;76
74642;266
75374;112
75649;260
75722;228
76163;19
76254;270
76855;126
76899;179
76945;33
77789;19
77804;60
77809;78
78578;248
78721;184
78798;40
78954;93
80195;260
80867;95
82989;171
83783;245
85391;242
86543;187
87079;179
87909;70
88359;67
89075;75
89342;145
89753;93
89755;38
91010;94
91179;128
91540;156
94426;121
94490;179
94629;123
94924;98
95643;121
96024;157
96034;53
97641;117
98016;23
98124;141
98312;9
98434;172
98690;14
99115;129
99119;62
99323;220
99588;114
99595;25
100129;48
100167;212
100574;242
100627;95
100715;111
100990;156
100991;31
101039;224
101498;10
101499;190
101520;180
101775;20
101866;23
102983;64
103058;8
103916;53
105641;197
106553;222
106750;48
106904;112
107716;38
107990;93
109864;187
109964;48
110052;4
110181;146
110250;42
111036;132
111243;78
111525;227
112082;76
113299;214
114943;44
115520;200
115650;246
115679;112
116753;42
117271;155
117492;179
117504;213
118257;189
120925;103
121224;76
121663;156
122995;48
123303;40
124286;97
124417;272
124911;222
126360;15
128618;9
128855;29
129001;76
129220;1
129738;55
129794;187
132045;221
132046;79
132974;246
133804;278
133806;55
134791;215
135161;4
135657;2
137719;40
138295;272
138400;126
138512;38
138514;263
141207;178
142746;8
144134;40
144290;80
144487;9
145028;48
145029;93
145617;133
147193;142
149664;142
150669;7
150695;112
151669;205
152074;23
153825;248
155916;215
158389;25
158658;179
159634;100
160714;128
160722;56
163106;216
164325;167
164740;246
165809;213
165888;80
167175;80
167303;201
167810;88
170291;133
171827;184
173153;231
173402;248
174372;4
175157;216
175166;116
175403;187
175647;163
176727;116
176766;55
179927;36
182202;216
184335;254
184550;171
185177;180
186813;216
187424;148
187467;234
189480;161
189481;280
189927;172
190699;177
190951;90
195803;98
197806;102
198477;278
202225;48
203338;16
203550;111
203712;248
203848;212
204735;259
205370;130
205901;88
206959;223
207102;80
207364;220
207383;141
207399;203
208019;245
208148;94
208427;16
209792;201
212154;125
212349;93
212492;182
212708;107
213800;130
214254;77
215363;268
215633;225
216613;204
216692;177
216700;184
217883;142
219639;158
219671;75
219975;255
220265;126
220538;87
222326;197
222329;82
222822;164
223054;278
223807;126
224304;201
224441;270
225112;23
225937;203
226811;253
227113;18
227382;254
227631;244
227692;18
229680;114
230668;83
231417;230
233207;84
233705;104
233807;51
234368;258
234964;18
235056;244
235191;54
236378;130
237009;77
237659;94
239426;118
240803;135
241802;261
241919;80
242428;161
242448;127
242831;75
243062;152
244121;204
244297;70
247637;181
247998;206
248350;62
248359;21
249601;223
249768;79
250048;234
250281;56
251919;250
252889;233
253295;243
253737;130
253788;72
253793;41
253825;263
254040;95
255440;187
256868;250
257950;137
258023;273
258450;190
258618;275
258727;178
259565;20
259751;266
259758;10
260189;180
261291;248
261768;77
261854;191
262124;172
262174;123
262224;227
262225;183
262292;41
263027;119
263127;222
264062;33
264718;143
265805;222
268516;33
269566;23
269633;21
273001;172
273902;195
274281;239
274525;52
276439;162
280138;49
281213;77
281325;181
283643;170
286658;263
287443;142
289449;129
290529;240
290850;133
291291;25
291293;23
294570;29
294781;133
296733;62
297123;83
297714;18
297887;279
297973;125
299279;132
300567;40
301364;62
303846;81
304231;142
304869;80
304942;181
304946;80
306401;12
307896;133
308456;145
310148;62
310961;97
312433;156
312486;31
313595;9
315637;116
316222;192
316228;63
316310;61
319154;127
320383;186
322302;128
323422;1
324528;229
325869;54
325870;239
327856;20
328544;163
328558;241
328616;61
328630;214
328636;102
333524;133
334274;38
334308;93
336020;24
337245;25
337632;55
338039;133
338387;80
338970;76
341736;39
342288;59
343623;96
344207;102
345255;214
345407;267
345477;63
345687;112
346484;38
346787;93
346828;176
348446;266
352728;257
352745;192
353113;276
353244;106
356330;136
359859;9
359951;138
361878;203
362028;206
364185;180
364780;31
365357;156
365916;74
367353;148
367561;15
371645;127
372105;8
377947;129
380098;62
380196;179
381148;10
386060;67
386815;133
388647;277
388919;54
390331;248
396432;109
396658;233
396659;137
397548;54
397828;251
405807;218
406045;53
407498;185
408773;14
409656;90
413459;144
413610;132
414266;243
415953;273
417323;25
422917;165
424131;172
424291;276
424494;150
425426;187
426072;145
427092;120
429338;167
429939;133
429995;33
432597;143
433371;190
435201;14
435439;186
437545;59
438488;38
438773;48
439398;110
441188;56
443049;282
444046;231
444497;279
445452;18
445775;242
447420;170
449154;229
450008;15
450199;23
450729;75
451953;117
452404;9
453888;253
454998;126
455411;240
457716;179
460562;23
462851;154
462852;24
463855;270
463991;9
465447;55
472025;219
474456;90
475385;55
476643;54
478880;50
480764;25
480827;239
481128;48
482896;266
482989;219
485561;121
486650;143
486717;51
489061;32
492604;18
492766;266
493283;130
493367;266
493983;22
495502;20
496340;128
496635;97
498337;159
498344;67
501025;227
501518;186
504630;25
504653;7
505174;74
507269;48
507276;93
508486;9
510373;172
514312;145
515366;178
516992;182
524288;70
524914;133
526109;112
528628;68
528714;197
531027;184
531503;29
531904;98
534897;25
536982;266
538968;87
539208;242
539542;48
541486;55
546848;179
549132;190
550650;31
552280;53
552645;130
553560;187
557864;18
559065;156
561115;172
561771;128
563365;239
563507;112
563831;114
564088;16
564602;64
567691;246
568460;179
569154;64
569826;169
570654;54
574876;33
575333;266
575676;121
577468;225
577870;4
578166;76
578504;212
578886;214
579434;281
579483;14
580001;40
581795;163
582057;16
582372;48
582448;244
583583;165
583588;101
584285;174
588547;269
588568;36
589337;269
591063;225
591676;76
592142;203
592808;87
594282;133
595005;32
596072;212
596116;203
596519;156
596929;152
598306;225
598537;48
599699;263
599869;75
599881;70
601025;93
601988;68
602111;105
603128;212
604347;176
607357;142
608444;126
609066;191
610417;226
610898;70
613855;247
615017;186
616179;208
616912;112
617112;129
617608;186
621305;59
621703;180
621864;256
622815;53
623745;197
625290;176
625970;197
626054;62
626710;126
626952;7
627407;126
629836;88
630051;44
630087;32
630544;102
630598;141
631313;32
639681;55
639697;187
640210;111
641573;66
645969;128
647568;70
647583;165
650621;112
650722;186
651024;215
651894;152
652531;201
652771;281
652937;102
655842;172
656160;20
658828;4
661269;263
661302;31
661304;156
664774;203
667214;94
667434;221
671808;40
672952;279
675627;102
675771;56
677058;133
677207;31
677211;156
677871;279
677877;226
681430;186
683562;130
686688;83
687252;25
687394;22
687601;279
688454;197
688608;126
690391;76
690393;142
690617;94
694002;227
694003;183
694513;116
694575;76
701366;256
703466;239
704643;94
705263;203
707508;133
708146;112
710283;104
710562;101
710779;23
710798;25
711861;21
712364;221
712404;130
712652;212
712841;105
713014;203
713463;68
714994;9
716624;187
716710;126
716878;133
717594;64
718370;76
718388;80
718556;48
718965;70
719125;40
720327;23
721916;18
722091;112
722707;186
722787;70
722803;165
723015;9
723264;79
726613;40
727917;80
728134;146
728597;204
728615;142
728854;248
728941;80
731581;112
732594;259
732690;181
735684;126
735736;223
738282;40
739310;223
739717;190
740256;99
740847;116
741154;239
741737;29
742570;156
743572;203
744250;156
744423;233
744426;137
748230;225
748672;179
748950;179
749251;116
750049;23
752461;18
753639;192
753911;99
753926;268
754072;149
754493;228
757839;77
760091;40
762626;212
763245;50
765861;187
765970;235
766401;218
773721;74
773790;202
782114;126
782402;228
782633;66
782859;225
782929;99
783141;104
783171;44
784435;190
786880;21
789301;97
789384;56
791495;92
791550;270
791552;224
791556;66
796211;218
804975;67
807953;21
818917;231
819199;59
823668;208
830463;232
830674;69
830675;164
834979;10
835791;105
838574;152
840771;110
859889;172
870544;10
871401;20
876370;106
876382;276
882088;222
885821;180
886689;213
902089;179
924694;97
934836;68
935313;14
941929;172
942081;20
943648;62
953750;31
953753;156
953794;230
961325;242
962793;38
963403;178
964582;129
965867;272
966027;48
966204;75
967683;22
967731;254
967856;107
968417;246
969368;50
969503;262
969571;242
972333;152
973109;244
974458;223
975980;62
979459;105
982841;118
983363;243
985849;116
987378;186
990386;20
990892;64
996580;275
996585;172
996945;211
997886;124
998032;80
999665;275
1000503;213
1000595;203
1000956;90
1001214;76
1001519;197
1001788;97
1001824;253
1003443;186
1004706;180
1012631;69
1012632;164
1015915;126
1032329;123
1032676;98
1038084;9
1038217;48
1038247;93
1038248;38
1038483;25
1038508;142
1038603;29
1039410;48
1039459;225
1039500;203
1039649;93
1039845;105
1040208;80
1040520;137
1040521;233
1040676;15
