462;1375
1286;2599
1290;1570
1300;2238
1665;212
2580;517
2838;1821
4376;1513
4936;574
5226;1842
6272;1144
7331;672
7409;898
8745;2085
8921;279
8967;12
10082;699
10741;545
10770;11
10930;199
11242;340
11605;2449
11753;1599
12272;62
12301;1008
12304;321
12594;1799
12662;69
12680;39
13078;1699
15532;239
15625;228
15883;1701
16076;278
16193;340
16870;46
16973;368
16977;1613
17197;2799
17241;2887
17358;2278
18831;1041
19064;39
20701;134
20938;299
21002;1308
21414;227
21428;1099
21489;249
21897;62
22473;169
22474;159
23448;236
23483;218
23702;6770
24101;31
24283;1399
24878;269
25155;484
25227;10
25629;238
26156;2513
26203;1079
26687;699
26868;230
26900;1463
28265;10
28660;221
30011;1399
30979;1679
31777;121
32560;1559
34170;2399
34326;225
34794;39
35465;1992
35719;2770
36244;159
37565;188
37775;29
38350;560
38384;1210
38767;2921
39275;243
39504;319
39639;45
39689;574
39749;1842
40462;285
41236;78
41279;42
41499;1143
41669;76
41931;231
42077;478
42081;246
43580;21
43585;54
43958;65
44119;490
44162;2849
44862;40
45057;349
45279;1207
45377;981
45981;132
46582;193
46860;2775
47082;504
47126;25
47476;141
48490;576
48611;675
49239;72
49946;149
50040;316
50301;47
50597;1319
50603;12
50979;229
52223;75
52805;30
53070;275
53262;35
53306;2007
53358;313
53930;1392
54249;94
54568;1179
54750;238
55230;45
55499;2071
56027;8
56897;982
57035;269
57822;199
58620;518
58925;292
59581;699
60652;2055
61033;1949
61042;2999
62264;75
62658;81
63204;41
63242;159
63867;535
64061;80
64248;64
64721;86
64804;7
65072;1329
65094;378
65766;60
65796;49
66717;190
66847;1333
67079;18
67610;88
67651;162
67695;66
67697;80
67846;55
68478;1741
68695;799
68779;224
69580;249
69807;940
70443;1362
70480;2598
70843;520
71125;1728
71875;182
72742;2749
73811;477
73820;330
74808;11
74972;1999
75200;73
75531;293
75725;128
76163;699
76685;1679
76696;1099
76855;524
76945;29
77789;659
77798;269
77858;365
78578;72
78721;155
78798;209
80340;445
80867;29
81290;2233
82989;1399
85391;2317
86372;8999
86543;17
87079;54
87909;1999
88359;616
89075;8999
89148;373
89342;279
91010;112
91032;209
91179;135
91507;1299
91739;24
94428;135
94465;199
94490;52
94924;56
95123;317
95561;49
96034;199
98312;1799
98411;40
98434;111
99115;53
99119;72
99323;142
99588;1241
99594;57
99913;19
100167;141
100574;2599
100990;204
100991;234
101039;11
101498;63
101520;46
101775;37
102663;869
103916;199
105355;27
106553;267
106750;2650
106892;338
107716;899
108111;1246
109964;2849
110052;16
110084;34
110181;142
110250;2999
111244;399
111525;239
112082;231
113813;28
114943;241
115044;509
115650;1729
116550;365
116753;2999
117492;64
118257;167
118521;1399
120742;200
120925;13
122012;24
122995;2744
123256;488
123992;36
124194;61
124417;246
124911;269
125629;44
126977;200
128004;59
130445;8
130831;299
132045;165
132551;5
132974;1729
135161;13
138295;223
138400;532
140901;365
141207;739
142075;205
142275;1736
142746;69
144134;199
144196;264
144290;47
144487;1743
145029;1804
145409;1167
145617;44
147136;269
147193;535
147364;299
149664;527
151669;160
152065;36
152074;69
153825;69
155553;55
158039;224
159737;2327
162173;61
163106;24
163304;39
165584;2699
167175;47
167283;71
168995;2016
172569;21
172620;261
173574;1998
174097;389
174159;25
175577;121
175647;39
176766;52
177113;30
179927;1191
184217;12
184550;1261
185177;46
186605;49
186813;28
187424;60
187467;63
188102;5090
188716;199
189480;20
189481;41
189927;113
190699;99
192282;70
193210;159
196469;31
197268;124
197878;149
197885;99
198114;54
198477;17
198675;34
198909;42
198963;105
199200;42
201384;293
203338;475
203550;578
203779;11
204735;533
205370;34
206816;3568
207102;59
207364;149
207399;155
208019;48
208463;240
209792;20
210191;158
210960;490
212195;43
212309;193
212349;1899
212708;449
213800;23
214254;44
215363;241
216549;6
216613;85
216692;99
219639;189
219671;8999
222326;443
222329;1666
223742;17
224304;20
224441;69
226811;13
227113;1199
227256;75
227382;5999
227692;1201
229484;59
229503;1251
231417;27
232845;14
233207;124
233221;270
233705;152
233807;34
235191;35
236378;35
237009;38
240950;78
241802;249
242218;47
242428;34
242448;169
243062;4499
244121;84
244297;1999
244982;40
247637;58
247998;11
248350;49
248998;1225
249347;29
249601;1219
249768;141
250048;59
250060;529
250281;20
252889;246
252890;246
253788;10
253793;172
253825;29
255440;11
257651;273
257809;129
258618;126
259561;53
260189;48
260561;417
260564;149
261768;45
261854;13
262292;281
262621;5
263027;22
263032;10
263127;256
263788;59
264593;1136
264718;223
265709;34
265718;36
267437;9
269041;28
269566;48
269633;168
269656;92
271943;1502
272810;52
273452;10
273902;205
274281;194
274525;64
276439;71
280138;2129
281325;58
283643;200
286658;32
289682;254
289989;458
290529;59
290850;45
291291;67
294570;1935
294781;54
296733;43
297123;129
297714;1097
303846;35
304231;506
304942;62
306401;39
307896;39
308456;249
308466;700
312106;99
313595;1649
314131;744
316228;8
316310;29
316337;20
316428;538
321265;18
323917;9
324528;24
325870;250
328544;33
328558;70
328630;14
328862;15
333524;41
334274;1029
336020;20
337245;73
338039;30
339204;65
340226;144
340740;29
341736;53
341801;1399
342283;239
342289;65
343623;20
343669;19
344636;29
345407;15
345414;56
345474;11
345687;1037
346484;899
346828;26
349828;60
349946;82
350248;21
352728;13
352745;66
353113;69
353244;155
356330;19
359951;1344
361878;24
362028;14
364185;44
364780;267
365916;17
366420;122
367353;103
367561;343
368267;53
371645;145
371706;199
372105;79
375046;381
377256;20
377947;53
378615;96
378777;249
380098;50
382489;14
386815;36
387088;43
387569;34
388445;37
388919;29
390331;77
394443;8
395695;119
396658;273
397548;31
397553;105
397828;1185
406045;199
406048;699
407498;30
408773;14
409463;262
412194;326
413610;1206
414266;291
415953;50
417323;159
423587;1230
424131;115
424291;59
424494;35
426072;249
428996;36
429338;179
429476;220
429939;44
429995;19
430516;55
432597;164
433371;111
434959;190
435201;14
435439;335
435942;376
439398;267
441188;19
443049;255
444046;1120
444497;25
444799;89
445305;17
445452;1298
447420;199
447605;112
449631;200
450008;312
450729;8549
450787;17
450898;59
451949;2941
452404;1565
453495;40
453888;19
454843;342
454998;473
455216;116
455321;43
455411;60
457716;56
462851;19
462852;19
465447;49
475385;38
476643;37
477514;38
478880;370
480764;71
480827;195
481218;1899
482343;143
482348;19
482896;45
485176;89
485187;21
485561;31
486650;165
486798;553
488966;371
490311;495
492604;1039
492766;47
493283;28
495502;35
495606;36
496595;220
496635;187
497804;242
497891;62
498344;648
498888;542
504598;147
504653;27
504682;967
505174;15
506808;238
507276;1686
508486;1382
510373;113
515366;570
519208;253
522855;175
522893;39
524672;198
524819;59
524914;43
526109;1149
527735;19
527905;5266
528462;93
528628;235
528648;108
531027;153
531145;7998
531503;1954
531648;39
531732;109
534897;75
535634;62
536141;7100
536169;2275
536251;198
536982;43
538968;2199
539208;2377
539542;2841
546848;55
549132;123
550158;65
551336;1999
552072;1274
552645;24
553560;6
555331;53
556499;145
556886;37
557675;36
557682;37
557864;1199
558558;33
559065;224
559368;252
561771;160
563507;997
563831;1187
564602;328
565807;330
566594;721
566698;53
567233;349
567691;1629
567990;42
568460;57
569154;349
570736;233
571225;102
574876;24
575333;43
577870;13
578166;320
579434;29
579462;78
580321;9
581795;30
582000;1675
582057;363
582372;2890
582421;212
583588;30
584285;89
587360;261
587855;142
587897;227
588568;1539
589337;18
591063;274
591676;319
591677;500
592808;2084
594802;101
596072;151
596225;79
596321;16
596519;225
598306;253
598537;2849
599699;27
599881;2199
600401;919
601037;1620
601988;206
603128;148
604347;10
605090;150
605272;129
607357;470
607899;329
608444;521
609066;13
609301;1026
610625;135
610898;1685
613855;2099
614515;40
615488;170
615554;48
615787;41
616179;11
617112;53
617608;437
621305;39
622172;76
625290;22
625970;482
626696;39
626710;491
626952;40
627407;496
629286;237
629314;231
630087;27
630510;129
630544;47
630595;168
631647;912
633946;210
634127;56
635965;667
639681;40
639697;8
639862;24
640210;604
640374;14
641573;11
645967;147
650621;919
650722;305
652531;39
652937;37
653205;50
655842;101
655858;487
656160;37
658602;258
658828;13
661269;26
661302;225
661304;202
663252;144
663340;173
665085;118
667282;168
667434;186
675627;36
677871;29
677877;44
681430;318
686688;115
687252;80
687394;2
687595;46
687601;31
687661;220
690393;471
690617;102
693996;185
694513;201
694575;368
695280;30
699347;214
700769;444
701366;42
703466;199
704122;204
704709;97
707261;1891
707277;38
707406;305
707862;317
708146;955
708436;19
710283;154
710562;27
710983;63
711861;181
712358;160
712364;177
712404;24
712652;136
712841;59
713014;128
713336;39
713528;2
714994;1665
715825;41
716215;484
716710;500
718222;478
718556;2751
718981;37
719020;128
719125;217
720351;67
721916;1236
722787;1818
722803;37
723015;1675
723270;178
726394;192
727751;538
728134;111
728597;53
728615;460
728854;79
728941;59
731581;972
732594;458
735736;1195
736918;70
737394;27
738328;49
740256;35
740265;240
740847;215
742570;213
743309;26
744250;205
745312;1239
748233;275
748234;208
748561;208
748672;71
748950;57
750049;51
750068;65
750961;229
751697;239
752361;50
753639;29
753911;34
760257;61
763245;153
764751;278
765861;9
766047;12
766401;50
773721;19
773790;31
779832;45
780767;450
780829;651
782114;516
782402;266
782633;13
782859;264
782887;243
782929;34
783141;208
783171;220
783603;99
784435;102
786880;169
789384;16
791550;60
791556;28
799491;17
804975;643
804989;243
805361;147
807575;138
807953;173
819199;34
830463;17
830674;484
834976;40
834979;40
835791;63
835813;37
838574;5722
840771;252
843761;135
869659;146
870544;38
882088;259
885821;37
886689;63
902089;62
915820;37
924694;143
934836;214
935313;12
941929;95
943648;43
945085;179
953750;214
953763;55
953766;40
953794;17
961002;2776
961013;2252
961018;1799
961379;7125
962051;3017
962127;38
962191;1789
963403;548
964582;52
965872;255
966027;2649
966048;1359
966178;1395
966204;7999
966980;49
966990;59
967856;440
967889;699
968476;999
969368;242
969550;9297
971634;173
972333;5578
974345;228
975980;40
979459;62
980170;1639
980927;478
982897;25
984296;34
985979;22
987378;349
990892;349
996342;11
996505;121
996580;114
997888;461
998032;66
998435;156
1000595;136
1000899;76
1000956;1334
1001214;245
1001519;500
1001792;130
1003443;378
1004706;41
1012631;404
1012632;762
1015450;242
1015455;285
1016112;266
1038247;1620
1038248;780
1038509;437
1038603;2322
1039410;3581
1039459;340
1039632;265
1039649;2165
1040055;363
1040208;94
1040520;296
1040521;296
1040676;447
